Date,Open,High,Low,Close,Adjusted_close,Volume
1984-11-05,33.5,33.5,33,33.5,0.9164,502400
1984-11-06,33.7504,34,33.2504,33.7504,0.9232,568000
1984-11-07,33.5,33.7504,33.2504,33.5,0.9164,305600
1984-11-08,33.2504,33.5,33.2504,33.2504,0.9096,355200
1984-11-09,33.5,33.5,33.2504,33.5,0.9164,977600
1984-11-12,34,34,33.2504,34,0.9301,497600
1984-11-13,33.5,34.2504,33.5,33.5,0.9164,4620800
1984-11-14,33.2504,33.7504,33,33.2504,0.9096,5134400
1984-11-15,33.2504,33.5,33,33.2504,0.9096,326400
1984-11-16,33.2504,33.5,33.2504,33.2504,0.9096,227200
1984-11-19,32.2504,33.7504,32,32.2504,0.8822,563200
1984-11-20,32,32.2504,31,32,0.8754,2793600
1984-11-21,32,32,31.7504,32,0.8754,1721600
1984-11-23,32,32,31.7504,32,0.8754,294400
1984-11-26,32,32.2504,31.7504,32,0.8754,643200
1984-11-27,31.7504,32.2504,31.7504,31.7504,0.8685,1393600
1984-11-28,31.7504,32,31.7504,31.7504,0.8685,129600
1984-11-29,31.7504,32,31.2504,31.7504,0.8685,1339200
1984-11-30,31.2504,31.7504,31.2504,31.2504,0.8548,89600
1984-12-03,31,31.5,31,31,0.848,2356800
1984-12-04,31,31.2504,30.7504,31,0.848,1064000
1984-12-05,30.5,31,30.2504,30.5,0.8343,673600
1984-12-06,31.2504,31.2504,30.5,31.2504,0.8548,795200
1984-12-07,31,31.2504,30.7504,31,0.848,350400
1984-12-10,31,31.5,30.7504,31,0.848,1526400
1984-12-11,31,31.2504,31,31,0.848,1201600
1984-12-12,30.5,31.2504,30.5,30.5,0.8343,2345600
1984-12-13,29.7504,30.7504,29.7504,29.7504,0.8138,1713600
1984-12-14,30,30.2504,29.2504,30,0.8207,2588800
1984-12-17,29.7504,30.2504,29.7504,29.7504,0.8138,203200
1984-12-18,30.2504,30.5,30,30.2504,0.8275,915200
1984-12-19,30.2504,30.5,30,30.2504,0.8275,1240000
1984-12-20,30.2504,30.7504,30,30.2504,0.8275,680000
1984-12-21,30.5,30.7504,30.2504,30.5,0.8343,486400
1984-12-24,31,31,30.5,31,0.848,108800
1984-12-26,31,31.2504,30.5,31,0.848,275200
1984-12-27,31,32,30.7504,31,0.848,907200
1984-12-28,31.2504,31.5,30.7504,31.2504,0.8548,689600
1984-12-31,31,31.2504,31,31,0.848,120000
1985-01-02,30.2504,31.2504,30.2504,30.2504,0.8275,345600
1985-01-03,30.7504,30.7504,30.2504,30.7504,0.8412,102400
1985-01-04,29.5,30.7504,29.5,29.5,0.807,1073600
1985-01-07,29.6248,29.6248,29.6248,29.6248,0.8104,142400
1985-01-08,28.5,29.7504,28.2504,28.5,0.7796,558400
1985-01-09,30,30,28.2504,30,0.8207,2014400
1985-01-10,30.2504,30.2504,29.5,30.2504,0.8275,491200
1985-01-11,31,31.5,30.2504,31,0.848,2241600
1985-01-14,31,31.5,31,31,0.848,2332800
1985-01-15,31.7504,32,31.2504,31.7504,0.8685,976000
1985-01-16,31.7504,32,31.5,31.7504,0.8685,281600
1985-01-17,32,32,31.5,32,0.8754,3574400
1985-01-18,32,32.2504,31.5,32,0.8754,280000
1985-01-21,33.5,33.7504,31.7504,33.5,0.9164,619200
1985-01-22,34,34.2504,33.5,34,0.9301,910400
1985-01-23,34.2504,34.2504,33.5,34.2504,0.9369,432000
1985-01-24,35,35.5,34,35,0.9574,961600
1985-01-25,35.7504,35.7504,34.7504,35.7504,0.9779,609600
1985-01-28,36.5,37,35.5,36.5,0.9985,1022400
1985-01-29,37.7504,38,36.5,37.7504,1.0327,3360000
1985-01-30,38,38.5,37.5,38,1.0395,2449600
1985-01-31,36.7504,38,36.5,36.7504,1.0053,1070400
1985-02-01,36.5,37,36.5,36.5,0.9985,414400
1985-02-04,36.7504,36.7504,36.5,36.7504,1.0053,718400
1985-02-05,35.2504,36.7504,35.2504,35.2504,0.9643,747200
1985-02-06,34.7504,35.5,34.7504,34.7504,0.9506,766400
1985-02-07,35.5,35.5,34.5,35.5,0.9711,7240000
1985-02-08,36.5,37,35.2504,36.5,0.9985,508800
1985-02-11,37,37.2504,36.2504,37,1.0121,211200
1985-02-12,37,37,36.5,37,1.0121,62400
1985-02-13,36.8752,36.8752,36.3752,36.8752,1.0087,465600
1985-02-14,36.5,37.2504,36.5,36.5,0.9985,502400
1985-02-15,37,37,36.5,37,1.0121,307200
1985-02-19,36.5,37,36.5,36.5,0.9985,321600
1985-02-20,37.2504,37.5,36.7504,37.2504,1.019,468800
1985-02-21,37.2504,37.5,37,37.2504,1.019,198400
1985-02-22,37,37.7504,37,37,1.0121,532800
1985-02-25,37,37.5,36.7504,37,1.0121,1254400
1985-02-26,37.6248,38.1248,37.1248,37.6248,1.0292,4822400
1985-02-27,37.2504,38.2504,37.2504,37.2504,1.019,1792000
1985-02-28,37.5,37.5,37,37.5,1.0258,3275200
1985-03-01,39.2504,39.7504,37.7504,39.2504,1.0737,2966400
1985-03-04,39.2504,39.7504,39.2504,39.2504,1.0737,841600
1985-03-05,39.7504,40,39.2504,39.7504,1.0874,1468800
1985-03-06,40.2504,40.7504,39.5,40.2504,1.101,1428800
1985-03-07,40,40.5,39.7504,40,1.0942,2556800
1985-03-08,39.7504,40.5,39.5,39.7504,1.0874,3214400
1985-03-11,39.5,40.2504,39.5,39.5,1.0805,427200
1985-03-12,39.6248,39.8752,39.6248,39.6248,1.0839,859200
1985-03-13,38.7504,39.7504,38,38.7504,1.06,1345600
1985-03-14,39,39.2504,38.5,39,1.0668,488000
1985-03-15,39,39.2504,39,39,1.0668,592000
1985-03-18,38.7504,39.2504,38.7504,38.7504,1.06,432000
1985-03-19,39.2504,39.2504,38.7504,39.2504,1.0737,35200
1985-03-20,39,39.2504,38.7504,39,1.0668,174400
1985-03-21,38.7504,39,38.7504,38.7504,1.06,129600
1985-03-22,38.2504,39,38.2504,38.2504,1.0463,745600
1985-03-25,37.7504,38.5,37.7504,37.7504,1.0327,337600
1985-03-26,37.7504,38,37,37.7504,1.0327,1009600
1985-03-27,38,38,37.5,38,1.0395,624000
1985-03-28,37.7504,38.2504,37.5,37.7504,1.0327,420800
1985-03-29,37.8752,37.8752,37.6248,37.8752,1.0361,70400
1985-04-01,38,38.2504,37.5,38,1.0395,243200
1985-04-02,38,38.2504,38,38,1.0395,352000
1985-04-03,37.5,38,37.5,37.5,1.0258,427200
1985-04-04,36.7504,37.5,36.2504,36.7504,1.0053,547200
1985-04-08,37.2504,37.5,37,37.2504,1.019,529600
1985-04-09,37.5,37.5,37.2504,37.5,1.0258,204800
1985-04-10,39,39,37.5,39,1.0668,1708800
1985-04-11,39.2504,39.5,38.5,39.2504,1.0737,524800
1985-04-12,39.7504,40.2504,39.5,39.7504,1.0874,721600
1985-04-15,40.2504,40.7504,39.7504,40.2504,1.101,366400
1985-04-16,41,41.5,40.2504,41,1.1216,1291200
1985-04-17,41.2504,41.5,41,41.2504,1.1284,248000
1985-04-18,41.2504,41.5,41.2504,41.2504,1.1284,1838400
1985-04-19,40.2504,41.2504,40.2504,40.2504,1.101,2531200
1985-04-22,40,40.5,39.7504,40,1.0942,248000
1985-04-23,40.2504,40.2504,40,40.2504,1.101,542400
1985-04-24,40.5,40.5,40,40.5,1.1079,168000
1985-04-25,40.2504,41,40.2504,40.2504,1.101,326400
1985-04-26,40.5,40.7504,40.2504,40.5,1.1079,416000
1985-04-29,40.5,40.7504,40.2504,40.5,1.1079,336000
1985-04-30,40.7504,40.7504,40.2504,40.7504,1.1147,1035200
1985-05-01,40.7504,41,40.5,40.7504,1.1147,356800
1985-05-02,40.7504,40.7504,40.5,40.7504,1.1147,392000
1985-05-03,40.7504,41,40.5,40.7504,1.1147,105600
1985-05-06,41,41.5,40.7504,41,1.1216,1862400
1985-05-07,41.2504,41.7504,41,41.2504,1.1284,440000
1985-05-08,41.7504,41.7504,41.2504,41.7504,1.1421,288000
1985-05-09,43,43,41.5,43,1.1763,552000
1985-05-10,43.7504,44.5,43,43.7504,1.1968,1787200
1985-05-13,44.2504,44.2504,43.7504,44.2504,1.2105,352000
1985-05-14,43.7504,44.2504,43.7504,43.7504,1.1968,649600
1985-05-15,43.7504,44,43.7504,43.7504,1.1968,1763200
1985-05-16,43.7504,44,43.7504,43.7504,1.1968,612800
1985-05-17,46.2504,46.5,43.7504,46.2504,1.2652,2475200
1985-05-20,47.2504,47.5,46.5,47.2504,1.2925,2092800
1985-05-21,46.5,47.5,46.2504,46.5,1.272,1635200
1985-05-22,47,47,46.5,47,1.2857,1374400
1985-05-23,47,47.2504,46.5,47,1.2857,1400000
1985-05-24,47.5,48,47,47.5,1.2994,2107200
1985-05-28,47.7504,48,47.2504,47.7504,1.3062,524800
1985-05-29,48.5,48.5,47.5,48.5,1.3267,966400
1985-05-30,49,49.5,48,49,1.3404,2444800
1985-05-31,48.7504,49.7504,48.5,48.7504,1.3336,582400
1985-06-03,49.5,50,48.7504,49.5,1.3541,1454400
1985-06-04,50.6248,50.8752,49.6248,50.6248,1.3849,4440000
1985-06-05,51.2504,52.5,50.7504,51.2504,1.4019,963200
1985-06-06,51,51.5,50.7504,51,1.3951,468800
1985-06-07,50,51.5,49.7504,50,1.3678,804800
1985-06-10,49.7504,50.2504,49.2504,49.7504,1.3609,524800
1985-06-11,48.7504,49.7504,48.7504,48.7504,1.3336,259200
1985-06-12,48.2504,49.2504,47.7504,48.2504,1.3199,620800
1985-06-13,47,48.2504,46.2504,47,1.2857,755200
1985-06-14,47.2504,47.5,46.7504,47.2504,1.2925,660800
1985-06-17,46.7504,47.7504,46.7504,46.7504,1.2789,556800
1985-06-18,46.7504,47,46.7504,46.7504,1.2789,2515200
1985-06-19,46.7504,47.5,46.7504,46.7504,1.2789,2297600
1985-06-20,46.7504,47.2504,46.7504,46.7504,1.2789,608000
1985-06-21,47,47,46.5,47,1.2857,436800
1985-06-24,46.5,47,46.5,46.5,1.272,254400
1985-06-25,47.2504,47.2504,46.5,47.2504,1.2925,854400
1985-06-26,48.5,49.2504,47,48.5,1.3267,1251200
1985-06-27,49.2504,49.7504,48.5,49.2504,1.3472,464000
1985-06-28,50.5,51,49.5,50.5,1.3814,1404800
1985-07-01,51.5,51.5,50.7504,51.5,1.4088,1406400
1985-07-02,51.2504,52.2504,51,51.2504,1.4019,1051200
1985-07-03,50.7504,51.2504,50.7504,50.7504,1.3883,272000
1985-07-05,50,50.7504,49.5,50,1.3678,988800
1985-07-08,48.2504,49.7504,48.2504,48.2504,1.3199,299200
1985-07-09,49,49,48.2504,49,1.3404,68800
1985-07-10,48.5,49,48.2504,48.5,1.3267,83200
1985-07-11,48,48.7504,47.2504,48,1.313,433600
1985-07-12,47.5,48.2504,47.5,47.5,1.2994,926400
1985-07-15,48,48.2504,47.5,48,1.313,520000
1985-07-16,47.8752,47.8752,47.1248,47.8752,1.3096,1054400
1985-07-17,48.7504,48.7504,48,48.7504,1.3336,1788800
1985-07-18,48,48.7504,47.5,48,1.313,836800
1985-07-19,47.7504,48.2504,47.7504,47.7504,1.3062,2054400
1985-07-22,47.5,48.2504,47,47.5,1.2994,1100800
1985-07-23,48.2504,49,47.7504,48.2504,1.3199,1134400
1985-07-24,49,49,47.7504,49,1.3404,3705600
1985-07-25,49.7504,50,48.7504,49.7504,1.3609,1691200
1985-07-26,49.7504,50,49.5,49.7504,1.3609,1262400
1985-07-29,48.2504,49.7504,48,48.2504,1.3199,536000
1985-07-30,47.5,48,47.5,47.5,1.2994,1872000
1985-07-31,47.2504,47.7504,47,47.2504,1.2925,1169600
1985-08-01,47.7504,47.7504,47.2504,47.7504,1.3062,224000
1985-08-02,48,48.2504,47.5,48,1.313,771200
1985-08-05,48,48.2504,47.5,48,1.313,318400
1985-08-06,47.7504,48.5,47.5,47.7504,1.3062,406400
1985-08-07,47.2504,48,46.7504,47.2504,1.2925,848000
1985-08-08,47.2504,47.5,47,47.2504,1.2925,1590400
1985-08-09,47.5,47.5,47,47.5,1.2994,568000
1985-08-12,47.2504,47.5,47,47.2504,1.2925,283200
1985-08-13,46.7504,47.2504,46.2504,46.7504,1.2789,422400
1985-08-14,47,47,46.2504,47,1.2857,468800
1985-08-15,46,47,45.5,46,1.2583,572800
1985-08-16,46.7504,46.7504,45.7504,46.7504,1.2789,414400
1985-08-19,46.5,46.5,46,46.5,1.272,588800
1985-08-20,47,47.2504,46.2504,47,1.2857,475200
1985-08-21,46.7504,47,46.2504,46.7504,1.2789,1067200
1985-08-22,46,46.5,46,46,1.2583,2012800
1985-08-23,46.1248,46.1248,45.8752,46.1248,1.2618,996800
1985-08-26,45,46,44.7504,45,1.231,510400
1985-08-27,45.2504,45.7504,44.5,45.2504,1.2378,1596800
1985-08-28,45.7504,45.7504,45.2504,45.7504,1.2515,3113600
1985-08-29,46.7504,47,45.5,46.7504,1.2789,1268800
1985-08-30,46.2504,46.7504,46,46.2504,1.2652,284800
1985-09-03,46,46.5,45.5,46,1.2583,208000
1985-09-04,45.7504,46,45.2504,45.7504,1.2515,268800
1985-09-05,45,46,44.7504,45,1.231,513600
1985-09-06,44.7504,45.5,44.7504,44.7504,1.2241,636800
1985-09-09,45,45.5,44.7504,45,1.231,745600
1985-09-10,45.5,45.7504,45.2504,45.5,1.2447,3366400
1985-09-11,45,45.7504,45,45,1.231,731200
1985-09-12,44.7504,45.5,44.7504,44.7504,1.2241,1900800
1985-09-13,44.5,45,44.5,44.5,1.2173,905600
1985-09-16,44.7504,44.7504,44.2504,44.7504,1.2241,144000
1985-09-17,44.2504,44.7504,44.2504,44.2504,1.2105,452800
1985-09-18,44,44.5,43.2504,44,1.2036,1588800
1985-09-19,44.5,44.7504,44,44.5,1.2173,187200
1985-09-20,44.6248,45.1248,44.1248,44.6248,1.2207,843200
1985-09-23,44,44.5,44,44,1.2036,433600
1985-09-24,43,44.2504,43,43,1.1763,984000
1985-09-25,43.2504,43.5,42.7504,43.2504,1.1831,918400
1985-09-26,42.3752,43.1248,42.1248,42.3752,1.1592,412800
1985-09-30,41.5,42.5,40,41.5,1.1352,2563200
1985-10-01,42,42.2504,41.2504,42,1.1489,2179200
1985-10-02,42.7504,43.2504,41.7504,42.7504,1.1694,2953600
1985-10-03,43.2504,43.5,42.7504,43.2504,1.1831,518400
1985-10-04,42.7504,43.2504,42.5,42.7504,1.1694,2916800
1985-10-07,42.7504,43.2504,42.7504,42.7504,1.1694,483200
1985-10-08,43,43,42.5,43,1.1763,776000
1985-10-09,44.2504,44.5,42.7504,44.2504,1.2105,582400
1985-10-10,45.2504,45.7504,44,45.2504,1.2378,504000
1985-10-11,46,47,45.7504,46,1.2583,921600
1985-10-14,46.5,47,46,46.5,1.272,569600
1985-10-15,47.7504,47.7504,46.2504,47.7504,1.3062,795200
1985-10-16,46.7504,47.7504,46.7504,46.7504,1.2789,732800
1985-10-17,48.7504,48.7504,47,48.7504,1.3336,422400
1985-10-18,48,49,48,48,1.313,468800
1985-10-21,48,48.2504,48,48,1.313,579200
1985-10-22,48.7504,49.2504,48,48.7504,1.3336,1193600
1985-10-23,49.2504,49.2504,48.7504,49.2504,1.3472,545600
1985-10-24,48.7504,49.2504,48.7504,48.7504,1.3336,99200
1985-10-25,48.2504,48.7504,48.2504,48.2504,1.3199,552000
1985-10-28,47.7504,48.5,47.5,47.7504,1.3062,1779200
1985-10-29,47.7504,48.2504,47.5,47.7504,1.3062,1878400
1985-10-30,48.2504,48.2504,47.7504,48.2504,1.3199,820800
1985-10-31,47.8752,48.1248,47.8752,47.8752,1.3096,2128000
1985-11-01,48,48.2504,47.7504,48,1.313,835200
1985-11-04,49.2504,49.7504,47.7504,49.2504,1.3472,1028800
1985-11-05,51.2504,51.2504,49.2504,51.2504,1.4019,4985600
1985-11-06,50,52.2504,49.7504,50,1.3678,1267200
1985-11-07,50,50.2504,49.7504,50,1.3678,385600
1985-11-08,50.5,50.5,49.7504,50.5,1.3814,390400
1985-11-11,51.5,51.7504,50.2504,51.5,1.4088,624000
1985-11-12,51.5,52,51.2504,51.5,1.4088,683200
1985-11-13,50.2504,51.7504,50.2504,50.2504,1.3746,417600
1985-11-14,50.5,50.7504,50,50.5,1.3814,195200
1985-11-15,51,51.5,50.5,51,1.3951,1508800
1985-11-18,51.2504,51.2504,50.5,51.2504,1.4019,1312000
1985-11-19,50.7504,51.2504,50.7504,50.7504,1.3883,174400
1985-11-20,51,51.5,50.7504,51,1.3951,500800
1985-11-21,51.5,52.7504,51,51.5,1.4088,1110400
1985-11-22,51.5,52,51.5,51.5,1.4088,168000
1985-11-25,51,52,51,51,1.3951,364800
1985-11-26,51.2504,51.5,50.7504,51.2504,1.4019,110400
1985-11-27,51,51.5,51,51,1.3951,416000
1985-11-29,51.2504,51.5,51,51.2504,1.4019,923200
1985-12-02,51.2504,51.7504,51.2504,51.2504,1.4019,158400
1985-12-03,51,51.5,51,51,1.3951,1283200
1985-12-04,51.2504,51.5,51,51.2504,1.4019,766400
1985-12-05,50,51.2504,49.2504,50,1.3678,4342400
1985-12-06,49.5,49.7504,49,49.5,1.3541,297600
1985-12-09,49,49.5,49,49,1.3404,246400
1985-12-10,49,50,48.5,49,1.3404,3262400
1985-12-11,50.5,51,49.5,50.5,1.3814,1868800
1985-12-12,50.5,50.7504,50,50.5,1.3814,1219200
1985-12-13,49.7504,50.5,49.2504,49.7504,1.3609,3302400
1985-12-16,49.5,50.2504,49.5,49.5,1.3541,2516800
1985-12-17,50.2504,50.5,49.7504,50.2504,1.3746,478400
1985-12-18,50,50.5,50,50,1.3678,260800
1985-12-19,50.5,51,50,50.5,1.3814,924800
1985-12-20,51.7504,51.7504,50.7504,51.7504,1.4156,1257600
1985-12-23,50.7504,51.5,50.7504,50.7504,1.3883,734400
1985-12-24,50.2504,51,50.2504,50.2504,1.3746,2038400
1985-12-26,49,50.5,48.5,49,1.3404,1360000
1985-12-27,48,49.5,47.7504,48,1.313,1785600
1985-12-30,49.2504,49.2504,48.2504,49.2504,1.3472,5286400
1985-12-31,47.7504,49.2504,47.5,47.7504,1.3062,3248000
1986-01-02,49,49.2504,47.5,49,1.3404,944000
1986-01-03,49.2504,49.2504,49,49.2504,1.3472,560000
1986-01-06,49.2504,49.7504,49,49.2504,1.3472,502400
1986-01-07,51.5,51.5,49.2504,51.5,1.4088,2177600
1986-01-08,51.2504,52,51,51.2504,1.4019,1707200
1986-01-09,50,51,49.5,50,1.3678,2424000
1986-01-10,50,50.5,49.7504,50,1.3678,699200
1986-01-13,50,50.2504,49.5,50,1.3678,1982400
1986-01-14,50,50.2504,49.7504,50,1.3678,718400
1986-01-15,50,50,49.7504,50,1.3678,968000
1986-01-16,50,50,49.7504,50,1.3678,2259200
1986-01-17,50.2504,50.7504,49.7504,50.2504,1.3746,1734400
1986-01-20,49.8752,50.1248,49.8752,49.8752,1.3643,686400
1986-01-21,50,50.7504,50,50,1.3678,254400
1986-01-22,50.2504,50.5,50.2504,50.2504,1.3746,1427200
1986-01-23,50,50.5,49.5,50,1.3678,481600
1986-01-24,49.2504,50,49,49.2504,1.3472,1192000
1986-01-27,49.5,49.7504,49,49.5,1.3541,1033600
1986-01-28,51,51,49.5,51,1.3951,4334400
1986-01-29,52.7504,53.5,50.7504,52.7504,1.443,1235200
1986-01-30,53,53.2504,52.5,53,1.4498,684800
1986-01-31,53,53.2504,52.7504,53,1.4498,236800
1986-02-03,53.7504,54,53.2504,53.7504,1.4703,625600
1986-02-04,55.2504,56.7504,53.7504,55.2504,1.5114,1900800
1986-02-05,55.5,55.7504,55,55.5,1.5182,1536000
1986-02-06,56.2504,56.2504,55.5,56.2504,1.5387,281600
1986-02-07,56,56.2504,55.2504,56,1.5319,724800
1986-02-10,56.2504,56.5,55.5,56.2504,1.5387,1115200
1986-02-11,56.7504,56.7504,56.2504,56.7504,1.5524,123200
1986-02-12,56,56.7504,55.7504,56,1.5319,289600
1986-02-13,56.2504,56.7504,56,56.2504,1.5387,515200
1986-02-14,56.2504,56.7504,56.2504,56.2504,1.5387,595200
1986-02-18,56.5,56.7504,56.2504,56.5,1.5456,196800
1986-02-19,56.5,56.7504,56.2504,56.5,1.5456,521600
1986-02-20,53.5,56.5,52,53.5,1.4635,4030400
1986-02-21,53.5,55.2504,53.2504,53.5,1.4635,2044800
1986-02-24,51.7504,53.5,51.7504,51.7504,1.4156,3833600
1986-02-25,51.2504,52.2504,50.2504,51.2504,1.4612,11377600
1986-02-26,52,52.5,51,52,1.4826,2366400
1986-02-27,55,55.2504,52.2504,55,1.5681,1971200
1986-02-28,55.5,56.2504,55.5,55.5,1.5824,936000
1986-03-03,55.5,56.5,55.5,55.5,1.5824,480000
1986-03-04,56.7504,56.7504,55.5,56.7504,1.618,875200
1986-03-05,57.7504,58,57,57.7504,1.6465,1566400
1986-03-06,57,57.7504,56.2504,57,1.6252,1024000
1986-03-07,55.5,57,55.2504,55.5,1.5824,1795200
1986-03-10,56.2504,56.5,55.2504,56.2504,1.6038,377600
1986-03-11,57,57.2504,56.2504,57,1.6252,777600
1986-03-12,59.5,59.7504,56.7504,59.5,1.6964,1206400
1986-03-13,59,59.5,59,59,1.6822,350400
1986-03-14,59.2504,59.2504,58.7504,59.2504,1.6893,1080000
1986-03-17,59,59.5,59,59,1.6822,376000
1986-03-18,60,60.2504,59,60,1.7107,1992000
1986-03-19,59,60,59,59,1.6822,1508800
1986-03-20,59.1248,59.1248,58.8752,59.1248,1.6858,1532800
1986-03-21,58.7504,59.2504,58.7504,58.7504,1.6751,576000
1986-03-24,57.7504,59.2504,57.7504,57.7504,1.6465,769600
1986-03-25,58.7504,58.7504,58,58.7504,1.6751,680000
1986-03-26,59.3752,59.6248,58.6248,59.3752,1.6929,1950400
1986-03-27,60.5,60.5,59.2504,60.5,1.725,841600
1986-03-31,61,61.2504,60.2504,61,1.7392,974400
1986-04-01,61.2504,61.2504,61,61.2504,1.7463,1544000
1986-04-02,60.2504,60.7504,59.2504,60.2504,1.7178,1801600
1986-04-03,60,60.5,59.7504,60,1.7107,457600
1986-04-04,60,60.2504,59.7504,60,1.7107,510400
1986-04-07,60,60.5,59.5,60,1.7107,1001600
1986-04-08,61,61,60,61,1.7392,1142400
1986-04-09,61,61.2504,60.5,61,1.7392,483200
1986-04-10,63,63,60.7504,63,1.7962,592000
1986-04-11,63,64.5,62.7504,63,1.7962,937600
1986-04-14,63,63.5,63,63,1.7962,691200
1986-04-15,65,65,62.7504,65,1.8533,899200
1986-04-16,66.2504,66.5,65.5,66.2504,1.8889,552000
1986-04-17,66,66.2504,65.7504,66,1.8818,876800
1986-04-18,65.5,66,65.2504,65.5,1.8675,579200
1986-04-21,65,65.5,64.7504,65,1.8533,716800
1986-04-22,65,65.5,64.7504,65,1.8533,694400
1986-04-23,63.7504,65,62.7504,63.7504,1.8176,1072000
1986-04-24,64.2504,64.5,63.5,64.2504,1.8319,296000
1986-04-25,63.5,64,62.7504,63.5,1.8105,297600
1986-04-28,62.5,63.5,62.5,62.5,1.782,545600
1986-04-29,60.5,63,60,60.5,1.725,1096000
1986-04-30,60.5,61,60.2504,60.5,1.725,702400
1986-05-01,60.2504,60.5,60,60.2504,1.7178,598400
1986-05-02,60,60.5,60,60,1.7107,662400
1986-05-05,60,60.2504,59.5,60,1.7107,220800
1986-05-06,60,60,59.7504,60,1.7107,779200
1986-05-07,59.5,60,59.5,59.5,1.6964,430400
1986-05-08,60.7504,60.7504,59.5,60.7504,1.7321,1825600
1986-05-09,62,62,60.7504,62,1.7677,540800
1986-05-12,63.5,63.5,62,63.5,1.8105,433600
1986-05-13,63.5,63.7504,63,63.5,1.8105,356800
1986-05-14,65.7504,66.2504,63.2504,65.7504,1.8746,3888000
1986-05-15,67,67.2504,66,67,1.9103,2273600
1986-05-16,66.7504,67.2504,66.7504,66.7504,1.9032,616000
1986-05-19,70,70.2504,66.7504,70,1.9958,1932800
1986-05-20,72,72.5,69.7504,72,2.0528,4257600
1986-05-21,71.5,73,70.7504,71.5,2.0386,1825600
1986-05-22,71.7504,71.7504,70,71.7504,2.0457,1163200
1986-05-23,71.5,72,71.2504,71.5,2.0386,913600
1986-05-27,74.2504,74.7504,72.2504,74.2504,2.117,1235200
1986-05-28,77,77,75,77,2.1954,1353600
1986-05-29,77.2504,77.5,76.5,77.2504,2.2025,1028800
1986-05-30,79,81,77.2504,79,2.3153,2878400
1986-06-02,76.2504,79.7504,76,76.2504,2.2347,2017600
1986-06-03,75.2504,76,74.2504,75.2504,2.2054,2468800
1986-06-04,74.2504,75.7504,74.2504,74.2504,2.1761,1233600
1986-06-05,75.5,76.5,74,75.5,2.2128,3572800
1986-06-06,75.5,76,75,75.5,2.2128,1868800
1986-06-09,75,75.5,75,75,2.1981,1147200
1986-06-10,73.7504,75.2504,72.2504,73.7504,2.1615,1590400
1986-06-11,74.5,74.5,73.2504,74.5,2.1835,1283200
1986-06-12,75.7504,76.7504,74,75.7504,2.2201,1784000
1986-06-13,78.7504,79.2504,76,78.7504,2.308,2966400
1986-06-16,79.2504,80.5,78.7504,79.2504,2.3227,1491200
1986-06-17,39,39.75,38.25,39,2.286,5250400
1986-06-18,39.25,39.75,39,39.25,2.3007,1800000
1986-06-19,42.25,42.25,39.25,42.25,2.4765,1771200
1986-06-20,44,44.25,42,44,2.5791,2013600
1986-06-23,45.75,46,44,45.75,2.6817,2331200
1986-06-24,45.5,46.25,45.25,45.5,2.667,1566400
1986-06-25,45.25,46,45.25,45.25,2.6524,1076000
1986-06-26,44,45.75,43.5,44,2.5791,1320800
1986-06-27,42.75,43.75,42,42.75,2.5058,1073600
1986-06-30,41.25,43,41,41.25,2.4179,936000
1986-07-01,44.75,45.25,41,44.75,2.6231,1644800
1986-07-02,45.25,46,44.5,45.25,2.6524,850400
1986-07-03,44,45.5,43.75,44,2.5791,1011200
1986-07-07,41.25,44.25,41,41.25,2.4179,1684000
1986-07-08,40,41.25,39.25,40,2.3446,2858400
1986-07-09,41.75,42.25,39.75,41.75,2.4472,2464000
1986-07-10,41.75,42.5,40.75,41.75,2.4472,1504800
1986-07-11,43.25,44.5,42.25,43.25,2.5351,1391200
1986-07-14,41.25,43.25,41,41.25,2.4179,956000
1986-07-15,39.75,41.5,39.5,39.75,2.33,1980000
1986-07-16,40.25,41.25,39.75,40.25,2.3593,1939200
1986-07-17,41.25,42,40.25,41.25,2.4179,792000
1986-07-18,40.5,41.25,39.25,40.5,2.374,1091200
1986-07-21,39.25,40.5,38.75,39.25,2.3007,2722400
1986-07-22,39.5,40.25,39,39.5,2.3153,2160000
1986-07-23,39.25,40,39.25,39.25,2.3007,1838400
1986-07-24,39.25,39.75,38.75,39.25,2.3007,889600
1986-07-25,40.25,40.5,38.75,40.25,2.3593,2154400
1986-07-28,40.25,41.5,40,40.25,2.3593,544800
1986-07-29,39.5,40.25,39.25,39.5,2.3153,588800
1986-07-30,40.25,40.5,39.25,40.25,2.3593,1020000
1986-07-31,40,40.25,40,40,2.3446,520800
1986-08-01,40.5,40.75,40,40.5,2.374,2034400
1986-08-04,40.5,40.5,39.5,40.5,2.374,1010400
1986-08-05,41.25,42,40.25,41.25,2.4179,591200
1986-08-06,40.25,41,40.25,40.25,2.3593,754400
1986-08-07,42,43,41.75,42,2.4619,7485600
1986-08-08,42.25,42.5,41.75,42.25,2.4765,3580000
1986-08-11,42.5,42.5,42,42.5,2.4912,1740000
1986-08-12,45,45,42.25,45,2.6377,1915200
1986-08-13,46.75,48,44.75,46.75,2.7403,3701600
1986-08-14,46.75,47,45.75,46.75,2.7403,1064800
1986-08-15,45.25,46.75,45.25,45.25,2.6524,918400
1986-08-18,45,45.75,43.75,45,2.6377,1572800
1986-08-19,45.1252,45.75,44.75,45.1252,2.6451,1133600
1986-08-20,47,47.25,45,47,2.755,780800
1986-08-21,48.25,48.25,47,48.25,2.8282,1461600
1986-08-22,48.25,48.5,47.5,48.25,2.8282,1480000
1986-08-25,48.5,48.5,47.75,48.5,2.8429,907200
1986-08-26,50,50.25,48.25,50,2.9629,1224000
1986-08-27,51,51.25,50.25,51,3.0221,3426400
1986-08-28,49.75,51,49.75,49.75,2.9481,3918400
1986-08-29,50,50,49.3752,50,2.9629,3042400
1986-09-02,49.25,50.25,49.25,49.25,2.9184,2284800
1986-09-03,49.5,49.5,48.5,49.5,2.9332,2845600
1986-09-04,49.5,50.25,49.25,49.5,2.9332,1496000
1986-09-05,49,50,49,49,2.9036,1764800
1986-09-08,48.25,49.25,47.75,48.25,2.8592,2910400
1986-09-09,46.25,48.5,46,46.25,2.7407,2332000
1986-09-10,46,46.5,45.5,46,2.7258,2245600
1986-09-11,42.25,46,42.25,42.25,2.5036,2044000
1986-09-12,42.5,42.5,40.8752,42.5,2.5184,2250400
1986-09-15,42.75,43.75,42.25,42.75,2.5333,2560800
1986-09-16,41.5,43,40.75,41.5,2.4592,1746400
1986-09-17,43.75,43.75,41.5,43.75,2.5925,4079200
1986-09-18,44,44.25,43.5,44,2.6073,1996000
1986-09-19,43,44,42,43,2.5481,1429600
1986-09-22,43.25,43.25,42.5,43.25,2.5629,565600
1986-09-23,41.75,43.25,41.25,41.75,2.474,1257600
1986-09-24,42.5,42.75,41.5,42.5,2.5184,1084000
1986-09-25,42,42.75,41.75,42,2.4888,2112000
1986-09-26,41.25,42.25,40.25,41.25,2.4444,924800
1986-09-29,40.25,41.25,39.75,40.25,2.3851,1199200
1986-09-30,40,40.5,39.75,40,2.3703,1356800
1986-10-01,40.5,41,39.75,40.5,2.3999,1375200
1986-10-02,40.75,41,39.75,40.75,2.4147,576800
1986-10-03,41.75,42.25,40.75,41.75,2.474,1476000
1986-10-06,42,42.25,41.5,42,2.4888,873600
1986-10-07,42.1252,42.25,41.5,42.1252,2.4962,924000
1986-10-08,43.25,43.25,42,43.25,2.5629,979200
1986-10-09,43.75,45,43,43.75,2.5925,1386400
1986-10-10,44.5,44.5,43.75,44.5,2.637,533600
1986-10-13,44.5,44.75,44,44.5,2.637,390400
1986-10-14,44.25,45.25,44.25,44.25,2.6221,547200
1986-10-15,45.75,46,44.25,45.75,2.711,1877600
1986-10-16,46.1252,46.25,46,46.1252,2.7332,1875200
1986-10-17,45.5,46.25,45,45.5,2.6962,1080800
1986-10-20,44.75,45.75,43.75,44.75,2.6518,1010400
1986-10-21,44,45,43.75,44,2.6073,1210400
1986-10-22,42.75,43.75,42.75,42.75,2.5333,417600
1986-10-23,44,44.5,42.75,44,2.6073,1146400
1986-10-24,44.25,44.25,43,44.25,2.6221,860000
1986-10-27,45.25,45.25,44,45.25,2.6814,600800
1986-10-28,45.5,46.25,45.25,45.5,2.6962,709600
1986-10-29,45.75,46.25,45.25,45.75,2.711,972800
1986-10-30,46.25,46.5,45.75,46.25,2.7407,1712000
1986-10-31,45.25,46.25,45,45.25,2.6814,944800
1986-11-03,45.5,45.75,45,45.5,2.6962,408000
1986-11-04,46,46,45.25,46,2.7258,570400
1986-11-05,45.75,46.25,45.5,45.75,2.711,1168800
1986-11-06,45.5,46,45.25,45.5,2.6962,479200
1986-11-07,45.25,45.5,44.75,45.25,2.6814,637600
1986-11-10,43,44.75,42,43,2.5481,1668000
1986-11-11,43.25,43.25,42.5,43.25,2.5629,677600
1986-11-12,43.5,43.5,42.5,43.5,2.5777,947200
1986-11-13,43.75,44.25,43,43.75,2.5925,678400
1986-11-14,45,46.5,43.75,45,2.6666,1965600
1986-11-17,44.75,45.25,44,44.75,2.6518,1053600
1986-11-18,44.25,45.25,44.25,44.25,2.6221,955200
1986-11-19,43.75,44.25,42.75,43.75,2.5925,808800
1986-11-20,44.25,44.25,43.5,44.25,2.6221,509600
1986-11-21,45,45.25,44,45,2.6666,1926400
1986-11-24,45.75,46,44.75,45.75,2.743,1399200
1986-11-25,46,46.25,45.25,46,2.758,1060800
1986-11-26,45.75,46.25,45.75,45.75,2.743,1332000
1986-11-28,46.6252,46.75,45.75,46.6252,2.7955,592800
1986-12-01,46.25,46.75,45.5,46.25,2.773,789600
1986-12-02,47,47.5,46,47,2.818,1643200
1986-12-03,48,48.25,46.75,48,2.8779,1784800
1986-12-04,48,48,47.25,48,2.8779,1546400
1986-12-05,47,48,46.25,47,2.818,1074400
1986-12-08,45.75,46.75,44.5,45.75,2.743,1676000
1986-12-09,46,46.75,45.5,46,2.758,488000
1986-12-10,45,45.75,44.75,45,2.698,1381600
1986-12-11,44.5,45.25,44.5,44.5,2.6681,1081600
1986-12-12,43.5,44.75,42.75,43.5,2.6081,1724000
1986-12-15,43,43.75,42.5,43,2.5781,1845600
1986-12-16,43.25,43.75,42.75,43.25,2.5931,852800
1986-12-17,42.75,43.5,42.75,42.75,2.5631,580000
1986-12-18,43.1252,43.25,42.75,43.1252,2.5856,304800
1986-12-19,43.5,43.5,42.75,43.5,2.6081,1567200
1986-12-22,43,43.5,42.75,43,2.5781,1879200
1986-12-23,42.5,43,42.25,42.5,2.5482,960000
1986-12-24,41.75,42.1252,40.75,41.75,2.5032,3273600
1986-12-26,41.75,42.25,41.5,41.75,2.5032,621600
1986-12-29,41,42.25,41,41,2.4582,1003200
1986-12-30,42.25,42.25,40.25,42.25,2.5332,2532800
1986-12-31,41.75,42.25,41.75,41.75,2.5032,747200
1987-01-02,42.5,42.5,42,42.5,2.5482,1324800
1987-01-05,43.25,43.25,42.25,43.25,2.5931,1941600
1987-01-06,43.25,43.75,42.75,43.25,2.5931,1200800
1987-01-07,42.75,43,42.5,42.75,2.5631,713600
1987-01-08,44.6252,45,42.75,44.6252,2.6756,1686400
1987-01-09,45.25,45.5,44.75,45.25,2.713,576000
1987-01-12,45.25,45.5,44.75,45.25,2.713,285600
1987-01-13,45.75,45.75,45,45.75,2.743,600800
1987-01-14,45.5,46,45.5,45.5,2.728,896800
1987-01-15,45.75,45.75,45.25,45.75,2.743,1301600
1987-01-16,45.25,45.75,44.5,45.25,2.713,1407200
1987-01-19,45.25,45.5,45,45.25,2.713,863200
1987-01-20,45.5,45.5,45.25,45.5,2.728,820000
1987-01-21,45,45.5,44.75,45,2.698,1324000
1987-01-22,45,45,44.75,45,2.698,1334400
1987-01-23,44.75,45.25,44.75,44.75,2.6831,1744800
1987-01-26,44.25,45,43.5,44.25,2.6531,704800
1987-01-27,46.5,47,44.25,46.5,2.788,1178400
1987-01-28,47,47.75,46.5,47,2.818,1344800
1987-01-29,46,47.5,45,46,2.758,1223200
1987-01-30,46,46.25,45.5,46,2.758,298400
1987-02-02,46.5,46.5,45.5,46.5,2.788,708800
1987-02-03,47.25,47.5,46.25,47.25,2.8329,728800
1987-02-04,48.25,48.5,47.25,48.25,2.8929,600800
1987-02-05,49,49.75,48.25,49,2.9379,1471200
1987-02-06,48.5,49.25,48.5,48.5,2.9079,598400
1987-02-09,48.5,48.75,48.25,48.5,2.9079,663200
1987-02-10,48,49.25,48,48,2.8779,2662400
1987-02-11,47.5,48.5,47.25,47.5,2.8479,587200
1987-02-12,47.5,48,47.5,47.5,2.8479,1127200
1987-02-13,49.5,50.25,47.5,49.5,2.9678,1586400
1987-02-17,52.75,53.25,49.75,52.75,3.1627,2050400
1987-02-18,52.75,53.5,52.25,52.75,3.1627,1200800
1987-02-19,52.25,52.75,51.5,52.25,3.1327,1079200
1987-02-20,52.5,52.5,51.8752,52.5,3.1477,1080800
1987-02-23,53,53.5,52,53,3.1777,1529600
1987-02-24,55,55.5,52.75,55,3.3432,2805600
1987-02-25,54.5,55.25,54.5,54.5,3.3128,1509600
1987-02-26,53.75,55,53.25,53.75,3.2672,852800
1987-02-27,53,53.5,52,53,3.2217,1081600
1987-03-02,53.3752,53.75,53,53.3752,3.2445,828000
1987-03-03,55,55,53.25,55,3.3432,717600
1987-03-04,56.5,56.75,55,56.5,3.4344,1096800
1987-03-05,55.75,57,55.25,55.75,3.3888,1178400
1987-03-06,55.75,55.75,55.25,55.75,3.3888,542400
1987-03-09,53.5,55.75,53.5,53.5,3.2521,571200
1987-03-10,54.5,55,53.5,54.5,3.3128,1015200
1987-03-11,55.5,55.5,54.5,55.5,3.3736,1224800
1987-03-12,55.75,56,55.25,55.75,3.3888,932000
1987-03-13,57,57.75,55.5,57,3.4648,978400
1987-03-16,56.75,57.5,56.25,56.75,3.4496,1448000
1987-03-17,57.25,57.25,56.5,57.25,3.48,1716000
1987-03-18,56,58,55.6252,56,3.404,1380000
1987-03-19,57,57,55.25,57,3.4648,661600
1987-03-20,57,57.3752,56.25,57,3.4648,688000
1987-03-23,59,59.75,57,59,3.5864,2094400
1987-03-24,58.5,59.5,58,58.5,3.556,903200
1987-03-25,57.25,58.5,57.25,57.25,3.48,1398400
1987-03-26,57.5,57.75,57.25,57.5,3.4952,1373600
1987-03-27,55,57.5,54.75,55,3.3432,1291200
1987-03-30,54.25,55,54,54.25,3.2976,1134400
1987-03-31,54.75,55.75,54.25,54.75,3.328,2029600
1987-04-01,54.5,55.25,53.75,54.5,3.3128,1805600
1987-04-02,54.75,55.25,54,54.75,3.328,884000
1987-04-03,57.75,58,54.75,57.75,3.5104,809600
1987-04-06,57.75,58.75,57,57.75,3.5104,557600
1987-04-07,56.75,58.25,56.5,56.75,3.4496,1328800
1987-04-08,55.5,57.25,55,55.5,3.3736,1797600
1987-04-09,55,55.5,54.25,55,3.3432,1077600
1987-04-10,54.5,55,54,54.5,3.3128,616000
1987-04-13,53.5,54.25,53.25,53.5,3.2521,1582400
1987-04-14,52,53.25,51,52,3.1609,1972800
1987-04-15,53.75,54,52,53.75,3.2672,1032800
1987-04-16,54.75,55.5,54,54.75,3.328,1125600
1987-04-20,54.5,55.25,54.25,54.5,3.3128,669600
1987-04-21,55,55.25,54,55,3.3432,1391200
1987-04-22,55,55.5,55,55,3.3432,1358400
1987-04-23,54,55.5,53.25,54,3.2824,941600
1987-04-24,52.25,54,52.25,52.25,3.1761,982400
1987-04-27,52.75,53.25,51.25,52.75,3.2065,1122400
1987-04-28,53.5,54,53.5,53.5,3.2521,754400
1987-04-29,54.25,54.5,53.5,54.25,3.2976,889600
1987-04-30,55.5,56.5,54.25,55.5,3.3736,2235200
1987-05-01,55.1252,56,55,55.1252,3.3508,1200000
1987-05-04,55,55.5,54.5,55,3.3432,486400
1987-05-05,56,56,54.75,56,3.404,923200
1987-05-06,55,56,54.75,55,3.3432,448800
1987-05-07,55,55.25,54.5,55,3.3432,869600
1987-05-08,54.75,55.25,54.75,54.75,3.328,312800
1987-05-11,55.25,55.5,54.75,55.25,3.3584,795200
1987-05-12,56,56,54.75,56,3.404,756800
1987-05-13,55.5,56,55.25,55.5,3.3736,658400
1987-05-14,57.25,58.75,56.25,57.25,3.48,3130400
1987-05-15,55.25,57.25,54.75,55.25,3.3584,865600
1987-05-18,56.5,56.5,54.75,56.5,3.4344,1380800
1987-05-19,55.75,57.25,55.75,55.75,3.3888,1130400
1987-05-20,57.25,57.75,54.75,57.25,3.48,2172000
1987-05-21,60,60.75,57.5,60,3.6472,2117600
1987-05-22,61.5,61.5,60,61.5,3.7383,1455200
1987-05-26,64,64,61.25,64,3.9348,1160000
1987-05-27,63.75,64.75,63.75,63.75,3.9194,1124800
1987-05-28,64.25,64.5,62.5,64.25,3.9501,1542400
1987-05-29,65,65,64.25,65,3.9962,788000
1987-06-01,63.75,65,63.5,63.75,3.9194,972000
1987-06-02,62.75,63.75,62.5,62.75,3.8579,786400
1987-06-03,63.75,64.5,62.5,63.75,3.9194,2056800
1987-06-04,64.25,64.25,63,64.25,3.9501,999200
1987-06-05,64.25,65,64,64.25,3.9501,1242400
1987-06-08,66,66.25,64,66,4.0577,1260000
1987-06-09,68.3752,68.5,66.25,68.3752,4.2037,1164800
1987-06-10,70,70.75,68.5,70,4.3037,2470400
1987-06-11,70,70.5,69.75,70,4.3037,1244800
1987-06-12,71,71.75,69.75,71,4.3651,2919200
1987-06-15,73,73.25,71,73,4.4881,2461600
1987-06-16,73.25,73.5,72.25,73.25,4.5035,2675200
1987-06-17,72,73.75,72,72,4.4266,1936000
1987-06-18,71.25,72,69.75,71.25,4.3805,1132000
1987-06-19,71.5,72,71,71.5,4.3959,1555200
1987-06-22,71.5,72,70.75,71.5,4.3959,1128000
1987-06-23,71.75,72,71.5,71.75,4.4112,1178400
1987-06-24,71.25,72.25,71,71.25,4.3805,1702400
1987-06-25,69.75,71.75,69.5,69.75,4.2883,1550400
1987-06-26,69.25,69.5,68.25,69.25,4.2575,1204800
1987-06-29,70,70.25,69,70,4.3037,1237600
1987-06-30,70,70.75,68.5,70,4.3037,1451200
1987-07-01,35.25,35.5,34.5,35.25,4.3344,2237200
1987-07-02,35.25,35.5,34.75,35.25,4.3344,1648000
1987-07-06,36.125,36.75,35.25,36.125,4.442,1929600
1987-07-07,36.75,37,35.25,36.75,4.5188,3041200
1987-07-08,37,38,36.75,37,4.5496,2827200
1987-07-09,35.5,37,35,35.5,4.3651,1754400
1987-07-10,35.25,36,35,35.25,4.3344,1842000
1987-07-13,35,35.25,34.5,35,4.3037,1988000
1987-07-14,35,35,34.25,35,4.3037,1922000
1987-07-15,34.75,35,34.25,34.75,4.2729,872000
1987-07-16,35.75,35.75,34.75,35.75,4.3959,1082000
1987-07-17,35.75,36,35.5,35.75,4.3959,940000
1987-07-20,36,36.5,35.25,36,4.4266,565200
1987-07-21,36,36.75,35.75,36,4.4266,811600
1987-07-22,35.25,36,35,35.25,4.3344,648000
1987-07-23,35.5,35.5,35,35.5,4.3651,688400
1987-07-24,35.25,35.5,34.5,35.25,4.3344,1368400
1987-07-27,35.75,35.75,35,35.75,4.3959,459200
1987-07-28,36.25,36.25,35.5,36.25,4.4574,497600
1987-07-29,37.75,37.75,36,37.75,4.6418,875200
1987-07-30,38,38,37.5,38,4.6725,695600
1987-07-31,37.5,38,37.25,37.5,4.6111,515200
1987-08-03,38,38.75,37,38,4.6725,1038400
1987-08-04,38,38.5,37.75,38,4.6725,624400
1987-08-05,38,38.75,37.75,38,4.6725,1182400
1987-08-06,38.25,38.25,37.75,38.25,4.7033,1614800
1987-08-07,37.75,38.75,37.25,37.75,4.6418,647600
1987-08-10,39.25,39.5,37.5,39.25,4.8262,1034400
1987-08-11,40.25,40.25,39,40.25,4.9492,1382800
1987-08-12,40.5,40.75,39.75,40.5,4.9799,966000
1987-08-13,36.25,40,35.5,36.25,4.4574,11107600
1987-08-14,37,37.5,36.25,37,4.5496,5866000
1987-08-17,37,37.25,36.75,37,4.5496,1820400
1987-08-18,35.875,37,35.75,35.875,4.4112,2801200
1987-08-19,35,36.25,34.25,35,4.3037,3763200
1987-08-20,36,36,34.75,36,4.4266,3817200
1987-08-21,35.75,36.25,35.25,35.75,4.3959,1984800
1987-08-24,35.75,35.75,35.5,35.75,4.3959,1594800
1987-08-25,36.25,36.5,35.5,36.25,4.4633,1436400
1987-08-26,36.5,37,36,36.5,4.4941,1691200
1987-08-27,36.5,36.75,36,36.5,4.4941,868400
1987-08-28,35.75,36.5,35.25,35.75,4.4018,671200
1987-08-31,36,36,35.25,36,4.4326,742400
1987-09-01,34.75,36.25,34.75,34.75,4.2787,946000
1987-09-02,34.5,35.25,33.5,34.5,4.2479,1732800
1987-09-03,33.25,35.25,32,33.25,4.094,2946000
1987-09-04,32.5,33.75,32.5,32.5,4.0016,1359200
1987-09-08,31.75,32.5,31,31.75,3.9093,1922400
1987-09-09,33.25,33.75,31.75,33.25,4.094,2069200
1987-09-10,34,34.25,33.25,34,4.1863,1368400
1987-09-11,34.5,34.75,33.75,34.5,4.2479,905600
1987-09-14,33.5,34.75,33,33.5,4.1247,964800
1987-09-15,32.25,33.75,32,32.25,3.9708,1386400
1987-09-16,31.5,32.5,31.25,31.5,3.8785,3224400
1987-09-17,31.625,32.25,31.5,31.625,3.8939,2296800
1987-09-18,31.75,32.25,30.75,31.75,3.9093,1821600
1987-09-21,30.25,31.75,29.75,30.25,3.7246,2970400
1987-09-22,33,33,30,33,4.0632,2817600
1987-09-23,31.75,34,30.75,31.75,3.9093,3183600
1987-09-24,31.75,32.25,31.5,31.75,3.9093,741200
1987-09-25,31.25,32,30.875,31.25,3.8477,843200
1987-09-28,29.75,31.5,29.5,29.75,3.663,3406800
1987-09-29,27.75,29.5,26.375,27.75,3.4168,14384000
1987-09-30,27.625,29.5,27.25,27.625,3.4014,6140400
1987-10-01,29,29.25,27.5,29,3.5707,3404400
1987-10-02,28.5,29.75,28,28.5,3.5091,2528800
1987-10-05,29.75,30,28.5,29.75,3.663,1151200
1987-10-06,28.25,30,28.25,28.25,3.4783,1611200
1987-10-07,27.75,28.25,27,27.75,3.4168,2062400
1987-10-08,25.5,28,25.375,25.5,3.1397,7204000
1987-10-09,26.5,26.75,25,26.5,3.2629,3812000
1987-10-12,27.75,28,25.75,27.75,3.4168,1880400
1987-10-13,27.25,28.5,26.75,27.25,3.3552,1728800
1987-10-14,26,27.25,25.5,26,3.2013,2089200
1987-10-15,25.5,26,25.25,25.5,3.1397,1925200
1987-10-16,24.5,25.75,23.75,24.5,3.0166,4742000
1987-10-19,20.5,24.25,20.25,20.5,2.5241,5134800
1987-10-20,20,21,19.5,20,2.4625,6854400
1987-10-21,23.25,23.25,20.25,23.25,2.8627,5625600
1987-10-22,22.25,23.5,21,22.25,2.7396,4201200
1987-10-23,20.5,22.5,19.75,20.5,2.5241,2222000
1987-10-26,17.75,20.5,15.75,17.75,2.1855,3080000
1987-10-27,18.5,19.75,17.5,18.5,2.2778,3350000
1987-10-28,20.25,20.75,17.75,20.25,2.4933,2573200
1987-10-29,21,21.75,20.25,21,2.5857,1619600
1987-10-30,22,22,21.25,22,2.7088,2300800
1987-11-02,22,22,21.25,22,2.7088,1561600
1987-11-03,21,22.25,19.75,21,2.5857,1462000
1987-11-04,20.75,22.75,20.25,20.75,2.5549,1372400
1987-11-05,21,21.75,20.25,21,2.5857,1292800
1987-11-06,20.5,21.75,20.25,20.5,2.5241,1175200
1987-11-09,20.125,20.5,19,20.125,2.4779,2126800
1987-11-10,19.375,20.25,19,19.375,2.3856,1172000
1987-11-11,19.375,20.25,18.75,19.375,2.3856,1032000
1987-11-12,19.75,20.5,19.25,19.75,2.4318,1157200
1987-11-13,21.75,22.25,19.5,21.75,2.678,3254800
1987-11-16,21.75,22.5,21.5,21.75,2.678,1648000
1987-11-17,20.75,21.75,20.5,20.75,2.5549,1177200
1987-11-18,20.75,21.25,19.5,20.75,2.5549,1241200
1987-11-19,19.5,21,19.25,19.5,2.401,1188000
1987-11-20,20,21.125,18.75,20,2.4625,1023200
1987-11-23,20,20.5,19.5,20,2.485,757200
1987-11-24,19.75,20.5,19.375,19.75,2.4539,929600
1987-11-25,20,20,19.5,20,2.485,669200
1987-11-27,19.25,20.25,19,19.25,2.3918,464400
1987-11-30,18.25,19.125,17.25,18.25,2.2676,2007200
1987-12-01,18.25,18.75,18,18.25,2.2676,898000
1987-12-02,19.25,19.5,18,19.25,2.3918,2160800
1987-12-03,18,19.5,18,18,2.2365,1660000
1987-12-04,17.75,18.5,17.5,17.75,2.2054,2587600
1987-12-07,17.75,18.25,17.5,17.75,2.2054,1472800
1987-12-08,17.75,18,17,17.75,2.2054,1677600
1987-12-09,18.75,19,17.5,18.75,2.3297,1058000
1987-12-10,18.25,19,18,18.25,2.2676,1904400
1987-12-11,18,18.5,17.5,18,2.2365,854000
1987-12-14,19,19.25,17.5,19,2.3608,2239600
1987-12-15,19.75,20,18.75,19.75,2.4539,1370800
1987-12-16,21,21,19.5,21,2.6093,1908800
1987-12-17,20,21.5,19.75,20,2.485,1293600
1987-12-18,21.5,22,19.75,21.5,2.6714,2173200
1987-12-21,22.5,22.5,21,22.5,2.7956,2021600
1987-12-22,22.75,23,21.5,22.75,2.8267,3009600
1987-12-23,23,23.375,22,23,2.8578,1709200
1987-12-24,23,23.5,22.75,23,2.8578,967600
1987-12-28,21.5,23,21,21.5,2.6714,1206400
1987-12-29,20.625,21.75,20.25,20.625,2.5627,1152000
1987-12-30,20.625,21.25,20.5,20.625,2.5627,1434800
1987-12-31,19.75,20.75,19.75,19.75,2.4539,1180000
1988-01-04,20.5,21.25,19.75,20.5,2.5471,1616400
1988-01-05,22,22,20.75,22,2.7335,2584800
1988-01-06,22.75,23,21.75,22.75,2.8267,1638400
1988-01-07,24,24.5,22.25,24,2.982,2100400
1988-01-08,21.25,24.25,21,21.25,2.6403,3405600
1988-01-11,21.25,21.5,20.5,21.25,2.6403,1494000
1988-01-12,21.25,21.5,20,21.25,2.6403,1396000
1988-01-13,22,23.25,21,22,2.7335,1209600
1988-01-14,21.75,22.5,21.25,21.75,2.7024,710800
1988-01-15,21.5,23.25,21.5,21.5,2.6714,1357200
1988-01-18,21.5,22,21,21.5,2.6714,457600
1988-01-19,21.75,22.5,21,21.75,2.7024,867600
1988-01-20,21.25,21.75,20.25,21.25,2.6403,1452800
1988-01-21,21,21.5,20.5,21,2.6093,5130400
1988-01-22,21.25,21.5,20.75,21.25,2.6403,769200
1988-01-25,21,21.5,20.75,21,2.6093,718800
1988-01-26,20.75,21.5,20.75,20.75,2.5782,528800
1988-01-27,20.75,21.25,20.75,20.75,2.5782,977600
1988-01-28,22,22,20.75,22,2.7335,1124400
1988-01-29,21.5,22,21,21.5,2.6714,984800
1988-02-01,21.75,22.25,21.25,21.75,2.7024,725200
1988-02-02,23.25,23.25,21.75,23.25,2.8888,1731600
1988-02-03,22.25,23.25,22.25,22.25,2.7646,794400
1988-02-04,22.75,22.75,22.25,22.75,2.8267,387200
1988-02-05,22.5,23,22.25,22.5,2.7956,467600
1988-02-08,21.75,22.5,21.5,21.75,2.7024,610400
1988-02-09,21.75,22,21.25,21.75,2.7024,446400
1988-02-10,22,22,21.75,22,2.7335,457600
1988-02-11,23.125,23.5,21.75,23.125,2.8733,1304800
1988-02-12,24,24.25,23,24,2.982,1502800
1988-02-16,24.5,24.75,23.75,24.5,3.0441,2168400
1988-02-17,24,25,23.75,24,2.982,1782000
1988-02-18,23.5,24.25,23.25,23.5,2.9199,662800
1988-02-19,23.5,23.5,22.75,23.5,2.9199,1060000
1988-02-22,23.5,24,23.25,23.5,2.9199,1518400
1988-02-23,24.5,24.75,23.75,24.5,3.0506,1840000
1988-02-24,25.125,25.5,24.5,25.125,3.1284,2131600
1988-02-25,24.75,25.25,24.25,24.75,3.0817,4035200
1988-02-26,24.75,25,24.5,24.75,3.0817,720800
1988-02-29,24.75,24.75,24,24.75,3.0817,1223200
1988-03-01,25,25.25,24.5,25,3.1129,1090800
1988-03-02,24.875,25.25,24.75,24.875,3.0973,1595600
1988-03-03,24.25,25,24,24.25,3.0195,2020800
1988-03-04,24,24.25,23.5,24,2.9884,1371200
1988-03-07,24.25,24.25,23.75,24.25,3.0195,1601200
1988-03-08,25,25.625,24,25,3.1129,2531200
1988-03-09,25,25.5,25,25,3.1129,905600
1988-03-10,24.5,25.5,24.25,24.5,3.0506,1553600
1988-03-11,24.25,24.75,23.75,24.25,3.0195,1118800
1988-03-14,24.5,25,24,24.5,3.0506,862800
1988-03-15,24.75,25.25,24.75,24.75,3.0817,778400
1988-03-16,25,25.25,24.75,25,3.1129,1042000
1988-03-17,25.25,25.5,25,25.25,3.144,548800
1988-03-18,25.5,25.75,25,25.5,3.1751,1740800
1988-03-21,25,25.5,25,25,3.1129,1261600
1988-03-22,25,25.5,25,25,3.1129,848000
1988-03-23,25.25,25.25,25,25.25,3.144,609200
1988-03-24,24.5,25.25,24.5,24.5,3.0506,1074400
1988-03-25,24.25,24.75,24,24.25,3.0195,1205600
1988-03-28,23.75,24.25,23.5,23.75,2.9572,1140400
1988-03-29,24,24.5,24,24,2.9884,1176000
1988-03-30,24,24.25,24,24,2.9884,788400
1988-03-31,24.5,24.75,23.75,24.5,3.0506,1166400
1988-04-04,24,24.75,24,24,2.9884,956000
1988-04-05,24.5,24.5,24,24.5,3.0506,602800
1988-04-06,25.75,25.75,24.5,25.75,3.2063,1766400
1988-04-07,25.25,25.75,25,25.25,3.144,900000
1988-04-08,25.75,26,25,25.75,3.2063,950800
1988-04-11,26,26.5,25.5,26,3.2374,803600
1988-04-12,25.75,26,25.5,25.75,3.2063,1260000
1988-04-13,26.5,26.5,25.75,26.5,3.2996,1138000
1988-04-14,24.5,26,24.25,24.5,3.0506,1598000
1988-04-15,24.75,25.25,24.25,24.75,3.0817,1260800
1988-04-18,24.25,25,24,24.25,3.0195,1174000
1988-04-19,24.5,25.75,24.25,24.5,3.0506,1978800
1988-04-20,24,24.75,23.75,24,2.9884,624800
1988-04-21,23.375,24.5,23.25,23.375,2.9105,1332800
1988-04-22,24.75,24.75,23.25,24.75,3.0817,881200
1988-04-25,25.25,26,24.25,25.25,3.144,1192800
1988-04-26,25.75,26,25.5,25.75,3.2063,770000
1988-04-27,25,26,25,25,3.1129,732000
1988-04-28,25,25.25,24.75,25,3.1129,466800
1988-04-29,25,25.25,24.5,25,3.1129,1465200
1988-05-02,25,25.5,25,25,3.1129,340800
1988-05-03,25.5,25.75,25.25,25.5,3.1751,376800
1988-05-04,24.75,25.75,24.75,24.75,3.0817,711200
1988-05-05,24.25,25,24,24.25,3.0195,921200
1988-05-06,24.125,24.75,24,24.125,3.0039,612800
1988-05-09,23.5,24.25,23.5,23.5,2.9261,712000
1988-05-10,23.875,24.25,23.5,23.875,2.9728,863600
1988-05-11,23,23.5,22.5,23,2.8638,1187600
1988-05-12,22.5,23.25,22,22.5,2.8016,1069600
1988-05-13,24.75,24.75,23.5,24.75,3.0817,2341200
1988-05-16,25,25.25,24.25,25,3.1129,692400
1988-05-17,24.125,25.5,24,24.125,3.0039,654800
1988-05-18,24,24.75,23.5,24,2.9884,1335600
1988-05-19,23.875,24,23.25,23.875,2.9728,1962000
1988-05-20,23.25,24,23,23.25,2.895,528400
1988-05-23,23.25,23.5,22.75,23.25,2.895,792000
1988-05-24,23.25,23.5,23,23.25,2.9227,612000
1988-05-25,23.25,23.5,23,23.25,2.9227,848000
1988-05-26,23.375,23.5,23,23.375,2.9384,308400
1988-05-27,23.125,23.5,22.5,23.125,2.907,742800
1988-05-31,23.5,23.75,22.75,23.5,2.9542,804800
1988-06-01,25,25.5,23.75,25,3.1427,1527200
1988-06-02,25,25.75,24.5,25,3.1427,981200
1988-06-03,25,25.25,24.75,25,3.1427,626000
1988-06-06,25,25.25,24.5,25,3.1427,540400
1988-06-07,24.75,25.5,24.75,24.75,3.1113,1265600
1988-06-08,25.5,25.75,25,25.5,3.2056,1206000
1988-06-09,26,26.25,25.25,26,3.2684,916000
1988-06-10,26,26.75,25.75,26,3.2684,1040000
1988-06-13,26.5,27.5,26.25,26.5,3.3313,1213200
1988-06-14,27,27.5,26.75,27,3.3941,919600
1988-06-15,27.25,27.25,26.75,27.25,3.4256,1190000
1988-06-16,26.25,27.25,26.25,26.25,3.2999,688000
1988-06-17,26.25,26.75,26.25,26.25,3.2999,1644400
1988-06-20,27,27,26.25,27,3.3941,921200
1988-06-21,27.25,27.25,26.5,27.25,3.4256,1344000
1988-06-22,28,28.25,27.25,28,3.5198,1498400
1988-06-23,29.125,29.5,28,29.125,3.6613,2165200
1988-06-24,29.25,30,29,29.25,3.677,1893200
1988-06-27,28.25,29.5,28,28.25,3.5513,1823200
1988-06-28,29.25,29.5,28,29.25,3.677,1366000
1988-06-29,29,29.75,28.75,29,3.6456,1486400
1988-06-30,29.25,29.25,28.5,29.25,3.677,740800
1988-07-01,29.25,29.5,29,29.25,3.677,1755200
1988-07-05,30.125,30.25,28.75,30.125,3.787,1229200
1988-07-06,29.75,31,29.75,29.75,3.7398,2566800
1988-07-07,29.75,30,29.5,29.75,3.7398,2182000
1988-07-08,29.75,29.75,29,29.75,3.7398,1088800
1988-07-11,30.5,30.5,29.75,30.5,3.8341,789200
1988-07-12,30,30.75,29.75,30,3.7713,1505200
1988-07-13,30.25,30.5,30,30.25,3.8027,1817600
1988-07-14,30,30.5,29.75,30,3.7713,1027600
1988-07-15,30,30.25,29.75,30,3.7713,1109200
1988-07-18,29.25,30,29.25,29.25,3.677,783200
1988-07-19,28.875,29.5,28.25,28.875,3.6298,927600
1988-07-20,29,29.25,28.25,29,3.6456,468400
1988-07-21,28.75,29,28.5,28.75,3.6141,247600
1988-07-22,28.5,28.75,28.25,28.5,3.5827,542400
1988-07-25,28.5,28.5,27.75,28.5,3.5827,466800
1988-07-26,28.25,28.5,27.5,28.25,3.5513,580400
1988-07-27,26.75,28.5,26.5,26.75,3.3627,1583200
1988-07-28,27.25,27.25,26.5,27.25,3.4256,1582800
1988-07-29,28.5,28.5,27,28.5,3.5827,1379600
1988-08-01,28.5,29,28.25,28.5,3.5827,596000
1988-08-02,28.75,29,28,28.75,3.6141,718000
1988-08-03,28.25,28.5,27.5,28.25,3.5513,1008400
1988-08-04,28.25,28.75,28,28.25,3.5513,493600
1988-08-05,27.5,28.25,27.25,27.5,3.457,561200
1988-08-08,27.25,27.75,27.25,27.25,3.4256,534000
1988-08-09,26.75,27.5,26.25,26.75,3.3627,858400
1988-08-10,26.5,26.75,26,26.5,3.3313,1022800
1988-08-11,27.5,27.75,26.25,27.5,3.457,1570800
1988-08-12,27.75,27.75,27.25,27.75,3.4884,658400
1988-08-15,27.5,28,27,27.5,3.457,923600
1988-08-16,29,29.25,28,29,3.6456,1828400
1988-08-17,29.75,30,29,29.75,3.7398,2502000
1988-08-18,29.75,30.5,29.5,29.75,3.7398,2002400
1988-08-19,29.75,30,29.5,29.75,3.7398,646800
1988-08-22,29.25,30,29.25,29.25,3.677,867600
1988-08-23,29.75,30,29.25,29.75,3.7398,1118800
1988-08-24,30,30.25,29.5,30,3.7713,1051200
1988-08-25,29.5,30,29.25,29.5,3.7152,920800
1988-08-26,29.625,29.75,29.5,29.625,3.731,1095600
1988-08-29,29.75,30.25,29.5,29.75,3.7467,793200
1988-08-30,29.25,30,29.25,29.25,3.6837,634000
1988-08-31,28.875,29.5,28.5,28.875,3.6365,950000
1988-09-01,29,29,27.75,29,3.6522,1319600
1988-09-02,29.75,29.75,29,29.75,3.7467,814800
1988-09-06,30,30.25,29.5,30,3.7782,665200
1988-09-07,30.25,30.25,29.75,30.25,3.8097,728000
1988-09-08,30.75,31.375,29.75,30.75,3.8726,1602400
1988-09-09,30.75,31,30,30.75,3.8726,829600
1988-09-12,31.25,31.5,30.5,31.25,3.9356,786800
1988-09-13,30.75,31,30.25,30.75,3.8726,1268000
1988-09-14,31.25,31.5,30.75,31.25,3.9356,684000
1988-09-15,30.5,31.25,30.5,30.5,3.8412,721200
1988-09-16,30.75,31,30.375,30.75,3.8726,1122400
1988-09-19,30.25,30.75,30,30.25,3.8097,1120000
1988-09-20,31,31,30.25,31,3.9041,608000
1988-09-21,31.75,32,31,31.75,3.9986,752000
1988-09-22,31.75,31.75,31,31.75,3.9986,686800
1988-09-23,31.25,31.5,31,31.25,3.9356,678400
1988-09-26,30.25,31.5,30.25,30.25,3.8097,718000
1988-09-27,30,30.5,29.75,30,3.7782,440800
1988-09-28,29.75,30,29.75,29.75,3.7467,811600
1988-09-29,30.5,30.5,29.5,30.5,3.8412,3094400
1988-09-30,30.75,31,30.25,30.75,3.8726,1126000
1988-10-03,30.5,30.75,30.25,30.5,3.8412,562800
1988-10-04,31.25,31.5,30.5,31.25,3.9356,879200
1988-10-05,31.25,31.75,31,31.25,3.9356,1027200
1988-10-06,31.875,31.875,30.75,31.875,4.0143,762800
1988-10-07,33.5,33.5,31.75,33.5,4.219,2213600
1988-10-10,33.125,34,32.75,33.125,4.1718,1361200
1988-10-11,33.25,33.5,32.5,33.25,4.1875,905200
1988-10-12,31.75,33,31.75,31.75,3.9986,753200
1988-10-13,32.375,32.5,31.75,32.375,4.0773,747600
1988-10-14,32.5,33,32.25,32.5,4.093,743600
1988-10-17,31.5,32.75,31.25,31.5,3.9671,2274800
1988-10-18,30.5,31.75,29.5,30.5,3.8412,3547600
1988-10-19,30.5,31.25,30.5,30.5,3.8412,1512000
1988-10-20,31.5,31.75,30.5,31.5,3.9671,939200
1988-10-21,32,32.25,31,32,4.0301,952800
1988-10-24,32.5,32.75,31.75,32.5,4.093,1021600
1988-10-25,31.5,32.25,31,31.5,3.9671,742800
1988-10-26,31,31.5,30.25,31,3.9041,612400
1988-10-27,30.75,31,30,30.75,3.8726,1245600
1988-10-28,30.25,31.25,30.25,30.25,3.8097,579200
1988-10-31,30.25,30.5,30,30.25,3.8097,360000
1988-11-01,30,30.25,29.5,30,3.7782,1395600
1988-11-02,29.75,30,29.25,29.75,3.7467,728400
1988-11-03,30.5,30.75,29.5,30.5,3.8412,682000
1988-11-04,30.25,30.75,29.75,30.25,3.8097,492400
1988-11-07,29.75,30.25,29.75,29.75,3.7467,432400
1988-11-08,30,30.5,29.75,30,3.7782,436800
1988-11-09,29,30.25,29,29,3.6522,1072800
1988-11-10,28.5,29.25,28.5,28.5,3.5893,1210000
1988-11-11,27.875,28.25,26.5,27.875,3.5106,6282800
1988-11-14,28,28.5,27.5,28,3.5263,1610800
1988-11-15,28.75,28.75,28,28.75,3.6208,1903600
1988-11-16,27.5,28.75,27.5,27.5,3.4633,1567200
1988-11-17,27.75,28,27.25,27.75,3.4948,1435600
1988-11-18,27.625,28,27.25,27.625,3.4791,1032800
1988-11-21,27.75,27.75,26.75,27.75,3.4948,1296800
1988-11-22,28,28.25,27.5,28,3.5263,1028800
1988-11-23,27.75,29,27.75,27.75,3.5017,1386800
1988-11-25,27,27.75,27,27,3.4071,1047600
1988-11-28,27.75,27.75,26.75,27.75,3.5017,1470000
1988-11-29,29.5,29.75,27.5,29.5,3.7225,2019600
1988-11-30,30.125,30.25,29.25,30.125,3.8014,1434000
1988-12-01,30.25,31,30,30.25,3.8172,1312800
1988-12-02,29.75,30.25,29.25,29.75,3.7541,881200
1988-12-05,29.75,30.25,29.5,29.75,3.7541,956800
1988-12-06,30.25,30.25,29.25,30.25,3.8172,2251200
1988-12-07,30.125,30.5,30,30.125,3.8014,1760000
1988-12-08,30.25,30.5,29.75,30.25,3.8172,1384400
1988-12-09,30.25,30.5,30,30.25,3.8172,676800
1988-12-12,30.25,30.75,30,30.25,3.8172,726400
1988-12-13,30,30.25,29.75,30,3.7856,1228000
1988-12-14,30.25,31.25,30,30.25,3.8172,760800
1988-12-15,29.75,30.5,29.25,29.75,3.7541,698400
1988-12-16,30.5,30.75,29.75,30.5,3.8487,1744400
1988-12-19,30.75,31,30.25,30.75,3.8803,767600
1988-12-20,30.25,31.25,30.25,30.25,3.8172,677600
1988-12-21,30.25,30.75,30.25,30.25,3.8172,499200
1988-12-22,30.375,30.75,30.25,30.375,3.8329,821600
1988-12-23,30,30.5,29.75,30,3.7856,823600
1988-12-27,30,30.25,29.75,30,3.7856,592000
1988-12-28,30,30.25,29.5,30,3.7856,1330800
1988-12-29,30.5,30.5,30,30.5,3.8487,403600
1988-12-30,30.25,30.75,30,30.25,3.8172,456800
1989-01-03,30,30.25,29.75,30,3.7856,823200
1989-01-04,30.25,30.5,30,30.25,3.8172,636400
1989-01-05,31,32.25,30.25,31,3.9118,1924800
1989-01-06,31.25,31.75,31,31.25,3.9434,698800
1989-01-09,30.875,31.25,30.5,30.875,3.896,846000
1989-01-10,30.5,31,30.5,30.5,3.8487,516000
1989-01-11,32,32,30.5,32,4.038,1289600
1989-01-12,31.5,32.5,31.5,31.5,3.9749,774800
1989-01-13,31.75,31.75,31,31.75,4.0065,728000
1989-01-16,31.625,32,31.5,31.625,3.9907,386400
1989-01-17,31.5,32,31.5,31.5,3.9749,597200
1989-01-18,32,32.25,31.5,32,4.038,754800
1989-01-19,31.75,32.25,31.5,31.75,4.0065,765200
1989-01-20,31.375,31.75,31.25,31.375,3.9591,367600
1989-01-23,31.25,31.75,31.25,31.25,3.9434,284000
1989-01-24,31.625,31.75,31.25,31.625,3.9907,691200
1989-01-25,31.75,31.75,31.25,31.75,4.0065,784800
1989-01-26,32,32.25,31.5,32,4.038,673600
1989-01-27,31.75,32.25,31.5,31.75,4.0065,1272000
1989-01-30,32,32,31.5,32,4.038,438800
1989-01-31,32.5,32.5,31.5,32.5,4.1011,532400
1989-02-01,32.75,32.75,32.25,32.75,4.1326,825200
1989-02-02,33,33.25,32.5,33,4.1642,1258000
1989-02-03,32.75,33.25,32.5,32.75,4.1326,564400
1989-02-06,33,33,32.75,33,4.1642,678800
1989-02-07,33.75,34.25,32.75,33.75,4.2588,1286800
1989-02-08,33.5,34.25,33.5,33.5,4.2273,428400
1989-02-09,33.5,34,33.25,33.5,4.2273,885600
1989-02-10,32.75,33.5,32.75,32.75,4.1326,567600
1989-02-13,32.25,32.75,32,32.25,4.0695,957200
1989-02-14,32.75,33,32.25,32.75,4.1326,324800
1989-02-15,33.25,33.25,32.5,33.25,4.1957,395200
1989-02-16,33.25,33.75,33,33.25,4.1957,785200
1989-02-17,33.5,33.75,33,33.5,4.2273,407200
1989-02-21,33.5,33.75,33,33.5,4.2273,420800
1989-02-22,32.5,33.75,32.25,32.5,4.1011,698800
1989-02-23,32.25,32.5,32,32.25,4.0783,718800
1989-02-24,31.5,32.75,31.25,31.5,3.9835,1151200
1989-02-27,31.5,31.75,31.25,31.5,3.9835,554400
1989-02-28,31.5,31.75,31,31.5,4.0192,628000
1989-03-01,31.25,31.75,31.25,31.25,3.9873,1034000
1989-03-02,32,32.25,31.25,32,4.083,378000
1989-03-03,31.75,32.25,31.75,31.75,4.0511,420000
1989-03-06,32.125,32.25,31.5,32.125,4.099,894000
1989-03-07,32,32.25,31.5,32,4.083,765200
1989-03-08,32.25,32.25,32,32.25,4.1149,355600
1989-03-09,32.25,32.25,32,32.25,4.1149,510000
1989-03-10,32,32.25,31.5,32,4.083,429200
1989-03-13,32.5,32.75,31.75,32.5,4.1468,814400
1989-03-14,32,32.75,32,32,4.083,612400
1989-03-15,32.5,32.75,32.25,32.5,4.1468,948000
1989-03-16,33,33.5,32.25,33,4.2106,639600
1989-03-17,32,32.5,31.5,32,4.083,1163600
1989-03-20,31.5,31.75,30.75,31.5,4.0192,794400
1989-03-21,31.75,32,31.25,31.75,4.0511,562800
1989-03-22,31.5,32,31,31.5,4.0192,642400
1989-03-23,31.25,31.75,30.75,31.25,3.9873,1113200
1989-03-27,32,32,30.5,32,4.083,901600
1989-03-28,32.75,33,31.75,32.75,4.1787,988800
1989-03-29,33,33.125,32.5,33,4.2106,486000
1989-03-30,33,33.5,32.75,33,4.2106,581600
1989-03-31,33.25,33.75,33,33.25,4.2425,872000
1989-04-03,33.25,33.5,33.25,33.25,4.2425,292800
1989-04-04,33,33.5,32.75,33,4.2106,373600
1989-04-05,33,33.25,32.75,33,4.2106,191600
1989-04-06,33.5,33.5,32.75,33.5,4.2744,434000
1989-04-07,33.75,33.75,33.25,33.75,4.3063,960800
1989-04-10,33.25,33.5,33,33.25,4.2425,294800
1989-04-11,33.5,33.75,33.25,33.5,4.2744,267200
1989-04-12,33.5,33.75,33.25,33.5,4.2744,206000
1989-04-13,33.625,33.75,33,33.625,4.2904,660800
1989-04-14,34.75,34.75,33.5,34.75,4.4339,1081200
1989-04-17,34.375,34.75,34.25,34.375,4.386,659200
1989-04-18,34.75,35,34.25,34.75,4.4339,889600
1989-04-19,34.5,35,34.25,34.5,4.402,1056000
1989-04-20,34.125,34.5,33.5,34.125,4.3541,996800
1989-04-21,34.25,34.5,34,34.25,4.3701,612400
1989-04-24,34,34.5,33.75,34,4.3382,705200
1989-04-25,33.25,34,33.25,33.25,4.2425,237600
1989-04-26,33.5,33.75,32.75,33.5,4.2744,353600
1989-04-27,33.75,34,33.25,33.75,4.3063,446800
1989-04-28,33.75,33.75,33.25,33.75,4.3063,356800
1989-05-01,33.5,33.75,33,33.5,4.2744,292400
1989-05-02,33.25,33.5,33.25,33.25,4.2425,280000
1989-05-03,33,33.5,33,33,4.2106,450400
1989-05-04,33.5,34,33,33.5,4.2744,722000
1989-05-05,33.75,34,33.5,33.75,4.3063,326800
1989-05-08,33,33.75,32.5,33,4.2106,459200
1989-05-09,32.75,33.5,32.25,32.75,4.1787,311200
1989-05-10,33.25,33.75,32.5,33.25,4.2425,1017600
1989-05-11,32.75,33.5,32.5,32.75,4.1787,1174800
1989-05-12,33.5,33.5,32.5,33.5,4.2744,783600
1989-05-15,33.75,34,33.25,33.75,4.3063,611600
1989-05-16,33.75,33.75,33.25,33.75,4.3063,483200
1989-05-17,34,34,33.5,34,4.3382,764000
1989-05-18,34,34.25,33.75,34,4.3382,750000
1989-05-19,34,34.5,33.25,34,4.3382,1961200
1989-05-22,34.25,34.5,33.75,34.25,4.3701,352400
1989-05-23,33.75,34.25,33.5,33.75,4.3063,424000
1989-05-24,33.5,33.75,33.25,33.5,4.3102,525600
1989-05-25,33.75,33.75,33.25,33.75,4.3423,309600
1989-05-26,34.25,34.25,33.5,34.25,4.4067,445600
1989-05-30,34.375,34.5,34,34.375,4.4227,669200
1989-05-31,34.5,34.5,34.25,34.5,4.4388,610400
1989-06-01,34.25,34.5,33.75,34.25,4.4067,927200
1989-06-02,34,34.25,33.5,34,4.3745,3315600
1989-06-05,33.25,34,33,33.25,4.278,1121200
1989-06-06,32.25,33.5,32,32.25,4.1493,1247600
1989-06-07,32.5,32.5,32,32.5,4.1815,2377600
1989-06-08,34,34.25,32.5,34,4.3745,3738000
1989-06-09,34.625,35,34,34.625,4.4549,1882800
1989-06-12,34.5,34.75,34.25,34.5,4.4388,544800
1989-06-13,34.75,34.75,34,34.75,4.471,350800
1989-06-14,34.75,35,34.5,34.75,4.471,483200
1989-06-15,33.625,35,33,33.625,4.3262,957600
1989-06-16,33.5,33.75,33,33.5,4.3102,1467600
1989-06-19,34,34.25,33.25,34,4.3745,596000
1989-06-20,34.5,34.5,34,34.5,4.4388,410400
1989-06-21,34.25,34.5,34,34.25,4.4067,929600
1989-06-22,34.5,34.5,34,34.5,4.4388,457200
1989-06-23,35,35.25,34.25,35,4.5032,978400
1989-06-26,34.5,35.25,34.5,34.5,4.4388,626000
1989-06-27,34.5,35,34.5,34.5,4.4388,656800
1989-06-28,33.75,34.75,33.5,33.75,4.3423,1308000
1989-06-29,33,33.75,32.5,33,4.2458,1166400
1989-06-30,31.25,33,31.25,31.25,4.0207,1381600
1989-07-03,32.75,32.75,31.25,32.75,4.2137,766800
1989-07-05,32.75,33.125,32.5,32.75,4.2137,1004800
1989-07-06,32.75,33,32.5,32.75,4.2137,512400
1989-07-07,32.75,33.25,32.5,32.75,4.2137,1892800
1989-07-10,33,33,32.75,33,4.2458,774800
1989-07-11,33.25,33.75,32.75,33.25,4.278,1862000
1989-07-12,34.875,35,33.25,34.875,4.4871,1092800
1989-07-13,35,35.25,34.5,35,4.5032,1258400
1989-07-14,35,35.25,34.25,35,4.5032,1482000
1989-07-17,35.25,35.75,34.75,35.25,4.5353,1116000
1989-07-18,35.5,35.75,35,35.5,4.5675,1372800
1989-07-19,35.5,35.75,35.25,35.5,4.5675,521200
1989-07-20,34.875,35.5,34.75,34.875,4.4871,597200
1989-07-21,35.25,35.75,34.75,35.25,4.5353,678800
1989-07-24,35,35.25,34.75,35,4.5032,268000
1989-07-25,35.5,36,35,35.5,4.5675,894000
1989-07-26,36,36,35.25,36,4.6318,501200
1989-07-27,36.25,36.25,35.75,36.25,4.664,1121200
1989-07-28,35.75,36.25,35.5,35.75,4.5996,809200
1989-07-31,35.75,36,35.5,35.75,4.5996,397200
1989-08-01,36.25,36.75,35.75,36.25,4.664,1697200
1989-08-02,36.5,36.5,35.75,36.5,4.6961,451600
1989-08-03,36.75,36.75,36.25,36.75,4.7283,670000
1989-08-04,37.25,37.25,36.5,37.25,4.7926,614800
1989-08-07,38.5,38.75,37,38.5,4.9535,844800
1989-08-08,39.5,40.25,38.5,39.5,5.0821,2620800
1989-08-09,38.75,39.75,38.5,38.75,4.9856,1314800
1989-08-10,38.25,38.5,37.25,38.25,4.9213,3570000
1989-08-11,39,39.5,38.25,39,5.0178,1494400
1989-08-14,38.75,39.5,38.25,38.75,4.9856,1558800
1989-08-15,38.5,39,38.5,38.5,4.9535,1032000
1989-08-16,39,39.5,38.75,39,5.0178,1078400
1989-08-17,39,39.5,39,39,5.0178,387200
1989-08-18,39.5,39.5,39,39.5,5.0821,204800
1989-08-21,39,39.75,39,39,5.0178,717200
1989-08-22,39.5,39.5,39,39.5,5.0821,587200
1989-08-23,39.25,39.75,39,39.25,5.05,648800
1989-08-24,40.25,40.25,39,40.25,5.1786,1259600
1989-08-25,39.75,40.25,39.5,39.75,5.1501,690400
1989-08-28,41.75,41.75,39.5,41.75,5.4092,1616000
1989-08-29,41.75,42.5,40.25,41.75,5.4092,1334000
1989-08-30,41.875,42.25,41.5,41.875,5.4254,553200
1989-08-31,41.75,42,41.25,41.75,5.4092,398800
1989-09-01,41.75,42,41.5,41.75,5.4092,550400
1989-09-05,41,42,41,41,5.3121,522000
1989-09-06,40.5,41.25,40,40.5,5.2473,656400
1989-09-07,39.5,40.75,39.5,39.5,5.1177,730000
1989-09-08,39.75,40,38.75,39.75,5.1501,813200
1989-09-11,40,40,39.5,40,5.1825,278800
1989-09-12,40,40,39.5,40,5.1825,1242400
1989-09-13,39.25,40,39.25,39.25,5.0853,548400
1989-09-14,39,39.5,38.75,39,5.0529,661600
1989-09-15,39.375,39.75,39,39.375,5.1015,1505200
1989-09-18,39.75,39.75,39,39.75,5.1501,362400
1989-09-19,39.5,39.75,39.5,39.5,5.1177,251200
1989-09-20,39.25,39.75,38.75,39.25,5.0853,383600
1989-09-21,38.5,39.25,38.5,38.5,4.9882,466000
1989-09-22,38.5,39.25,38.5,38.5,4.9882,967200
1989-09-25,37.75,38.75,37.75,37.75,4.891,732800
1989-09-26,38.5,39,37.75,38.5,4.9882,942800
1989-09-27,38.5,38.5,38,38.5,4.9882,231600
1989-09-28,39.75,39.75,38.25,39.75,5.1501,1477600
1989-09-29,39.5,40,39.25,39.5,5.1177,497200
1989-10-02,41.25,41.25,39.25,41.25,5.3445,916800
1989-10-03,41,41.5,40.5,41,5.3121,467200
1989-10-04,40.75,41.25,40.5,40.75,5.2797,1219600
1989-10-05,40.25,40.75,40.25,40.25,5.2149,362800
1989-10-06,40.75,41,40.25,40.75,5.2797,286800
1989-10-09,41.75,41.75,40.5,41.75,5.4092,748400
1989-10-10,42.25,42.25,41.25,42.25,5.474,520800
1989-10-11,41.75,42.25,41.25,41.75,5.4092,853600
1989-10-12,41.5,41.75,41.25,41.5,5.3769,369600
1989-10-13,40,41.5,39.5,40,5.1825,966800
1989-10-16,39.75,40,38.375,39.75,5.1501,2238000
1989-10-17,40.125,40.25,39,40.125,5.1987,1046400
1989-10-18,39.5,40.25,39.25,39.5,5.1177,1073600
1989-10-19,40.5,40.75,39.75,40.5,5.2473,836000
1989-10-20,40,40.5,39.5,40,5.1825,636400
1989-10-23,39.5,40.25,39,39.5,5.1177,1082000
1989-10-24,38.5,39.5,37.75,38.5,4.9882,1860800
1989-10-25,38.25,39,38.25,38.25,4.9558,1313600
1989-10-26,37.5,38.25,37.5,37.5,4.8586,1149200
1989-10-27,37.25,37.75,36.625,37.25,4.8262,1923200
1989-10-30,37,37.5,36.75,37,4.7938,892000
1989-10-31,36.75,37.5,36.75,36.75,4.7614,879200
1989-11-01,36.5,37,36.25,36.5,4.729,1699600
1989-11-02,36.75,37,35.75,36.75,4.7614,1455600
1989-11-03,36.625,37,36.25,36.625,4.7452,774000
1989-11-06,36.25,36.75,36.25,36.25,4.6967,1096400
1989-11-07,36.75,36.75,35.75,36.75,4.7614,666000
1989-11-08,36.25,37,36,36.25,4.6967,1083600
1989-11-09,37.5,38,36.5,37.5,4.8586,1230000
1989-11-10,37.5,38.25,37.5,37.5,4.8586,865200
1989-11-13,36.75,37.875,36.75,36.75,4.7614,1086800
1989-11-14,35.75,36.75,35.25,35.75,4.6319,3292800
1989-11-15,35.5,35.75,34.5,35.5,4.5995,2060800
1989-11-16,35.625,36,35.25,35.625,4.6157,1277200
1989-11-17,36,36.5,35.25,36,4.6643,697200
1989-11-20,36.25,36.5,35.75,36.25,4.6967,1951600
1989-11-21,35.875,36.25,35.625,35.875,4.6481,1040400
1989-11-22,35.5,36,35.5,35.5,4.5995,1175200
1989-11-24,36.25,36.25,35.75,36.25,4.6967,500400
1989-11-27,36.25,36.75,35.75,36.25,4.7051,1939200
1989-11-28,36.5,36.75,36.25,36.5,4.7376,660000
1989-11-29,36.625,37,36.25,36.625,4.7538,1085200
1989-11-30,37.5,37.5,36.5,37.5,4.8674,686400
1989-12-01,37,38.25,37,37,4.8025,1298400
1989-12-04,37,37.25,36.75,37,4.8025,350000
1989-12-05,35.75,37.25,35.75,35.75,4.6402,1278800
1989-12-06,35,36.25,35,35,4.5429,1344800
1989-12-07,34.5,35,34,34.5,4.478,2303200
1989-12-08,34.5,35,34,34.5,4.478,1648000
1989-12-11,35.25,35.5,34.25,35.25,4.5753,916000
1989-12-12,34.75,35.25,34.25,34.75,4.5104,992000
1989-12-13,34.75,35.5,34.5,34.75,4.5104,1076800
1989-12-14,34.25,34.75,33.5,34.25,4.4455,1480800
1989-12-15,34.375,35,34,34.375,4.4617,1662800
1989-12-18,33.5,34.75,33.25,33.5,4.3482,1786400
1989-12-19,34,34.25,33.25,34,4.4131,1040800
1989-12-20,34.5,35,34,34.5,4.478,1037200
1989-12-21,35,35.5,34.75,35,4.5429,1199600
1989-12-22,35.25,35.75,34.5,35.25,4.5753,1187200
1989-12-26,35.5,36,35.25,35.5,4.6078,518800
1989-12-27,36,36.25,35.5,36,4.6727,720000
1989-12-28,36.5,36.5,35.625,36.5,4.7376,801600
1989-12-29,37.25,37.75,36.25,37.25,4.8349,740800
1990-01-02,38,38,36.5,38,4.9323,1112000
1990-01-03,38.75,39.25,37.75,38.75,5.0296,1042400
1990-01-04,38.75,38.75,38.25,38.75,5.0296,788000
1990-01-05,38.75,39.25,38.25,38.75,5.0296,848000
1990-01-08,38,38.75,37.625,38,4.9323,998000
1990-01-09,36,37.75,36,36,4.6727,1102800
1990-01-10,35.25,36,35,35.25,4.5753,1385600
1990-01-11,35.25,36,35.25,35.25,4.5753,579600
1990-01-12,34.75,35,34.25,34.75,4.5104,963600
1990-01-15,34.75,35.25,34.5,34.75,4.5104,816800
1990-01-16,35.75,36.25,34.5,35.75,4.6402,1132800
1990-01-17,35.25,36,35,35.25,4.5753,835200
1990-01-18,35.25,35.25,34.5,35.25,4.5753,555200
1990-01-19,35,35.5,35,35,4.5429,326000
1990-01-22,34.5,35.25,34.25,34.5,4.478,618000
1990-01-23,34.75,35.25,34.25,34.75,4.5104,514000
1990-01-24,34.75,34.75,33.75,34.75,4.5104,741600
1990-01-25,34.25,35,34,34.25,4.4455,474000
1990-01-26,33.5,34.25,33.25,33.5,4.3482,586400
1990-01-29,33.125,34,32.75,33.125,4.2995,708000
1990-01-30,32.625,33,32.25,32.625,4.2346,1362000
1990-01-31,33.5,33.75,32.75,33.5,4.3482,711600
1990-02-01,34.25,34.5,33.5,34.25,4.4455,689200
1990-02-02,34.25,35,34,34.25,4.4455,524000
1990-02-05,34.5,34.75,34,34.5,4.478,387200
1990-02-06,33.75,34.75,33.75,33.75,4.3806,577600
1990-02-07,34.5,34.5,32.75,34.5,4.478,1082000
1990-02-08,34.625,35.25,34.25,34.625,4.4942,1869600
1990-02-09,34.875,35,34.5,34.875,4.5266,2620000
1990-02-12,34.25,35,34.25,34.25,4.4455,530000
1990-02-13,34.75,34.75,34,34.75,4.5104,599200
1990-02-14,34,35,33,34,4.4131,1438400
1990-02-15,32.75,34,32.25,32.75,4.2508,5008400
1990-02-16,29.5,31,29.25,29.5,3.829,13564800
1990-02-20,27.75,28.5,26.75,27.75,3.6018,7897600
1990-02-21,28.5,28.75,26.75,28.5,3.6992,3834000
1990-02-22,29.25,29.75,28.5,29.25,3.7965,2297200
1990-02-23,28,29.25,27.5,28,3.6343,4344000
1990-02-26,29.25,29.25,28,29.25,3.7965,2349600
1990-02-27,28,29.5,27.75,28,3.643,2898400
1990-02-28,27.75,28.5,27.25,27.75,3.6105,2668400
1990-03-01,27.75,28,26.5,27.75,3.6105,3022000
1990-03-02,29,29,27.5,29,3.7731,2346800
1990-03-05,28.25,29,28.25,28.25,3.6755,2029600
1990-03-06,28.25,28.5,27.75,28.25,3.6755,1675600
1990-03-07,27.75,28.5,27,27.75,3.6105,4240400
1990-03-08,28.375,28.5,27.25,28.375,3.6918,4220800
1990-03-09,30,30.25,28.25,30,3.9032,3548400
1990-03-12,29.5,30,29,29.5,3.8382,1522000
1990-03-13,29.25,29.75,29,29.25,3.8056,885200
1990-03-14,30,30.25,29.25,30,3.9032,1383600
1990-03-15,29.875,30.25,29.5,29.875,3.887,1866400
1990-03-16,30.5,30.75,29.75,30.5,3.9683,1240400
1990-03-19,30.25,30.5,29.5,30.25,3.9358,1208800
1990-03-20,30,30.5,29.5,30,3.9032,1622400
1990-03-21,29.75,30.75,29.5,29.75,3.8707,976000
1990-03-22,29.25,30,29,29.25,3.8056,1724000
1990-03-23,29.75,30,29.25,29.75,3.8707,878800
1990-03-26,30.5,30.75,30,30.5,3.9683,1144000
1990-03-27,30.75,31,29.75,30.75,4.0008,1339200
1990-03-28,31.75,32.5,30.5,31.75,4.1309,1685200
1990-03-29,31.25,32,31,31.25,4.0659,922400
1990-03-30,31.5,31.75,30.75,31.5,4.0984,682000
1990-04-02,32.5,32.5,31,32.5,4.2285,599200
1990-04-03,33,33.25,32.5,33,4.2936,1417200
1990-04-04,32,33.25,31.5,32,4.1634,1330800
1990-04-05,31.5,32.5,31.25,31.5,4.0984,1994000
1990-04-06,31.375,31.75,31,31.375,4.0821,628000
1990-04-09,30.5,31.5,30,30.5,3.9683,1629600
1990-04-10,30.375,30.5,29.75,30.375,3.952,1290400
1990-04-11,31.25,31.5,30.25,31.25,4.0659,1037600
1990-04-12,31.5,31.75,31.25,31.5,4.0984,975600
1990-04-16,31.5,32,31.25,31.5,4.0984,440800
1990-04-17,31.25,31.5,30.75,31.25,4.0659,908000
1990-04-18,29.75,31.5,29.5,29.75,3.8707,2820000
1990-04-19,30.25,30.5,29.25,30.25,3.9358,1619200
1990-04-20,29,30.25,28.5,29,3.7731,5130800
1990-04-23,29.25,29.5,28.25,29.25,3.8056,1538800
1990-04-24,28.875,29.75,28.5,28.875,3.7569,2202800
1990-04-25,29.375,29.5,28.75,29.375,3.8219,1365600
1990-04-26,28.75,29.5,27.75,28.75,3.7406,3164800
1990-04-27,28.25,28.75,27.75,28.25,3.6755,2390000
1990-04-30,28.5,28.75,27.25,28.5,3.7081,1679600
1990-05-01,27.75,28.75,27,27.75,3.6105,2830800
1990-05-02,27.5,28,26.75,27.5,3.578,2376800
1990-05-03,27.5,28,27,27.5,3.578,1368000
1990-05-04,27.75,28,26.75,27.75,3.6105,2602800
1990-05-07,29.125,29.75,28,29.125,3.7894,2885600
1990-05-08,28.25,29,27.75,28.25,3.6755,3091200
1990-05-09,28,28.25,27.25,28,3.643,1936000
1990-05-10,27.75,28.5,27.25,27.75,3.6105,1851200
1990-05-11,27.875,28.25,25.875,27.875,3.6267,5937600
1990-05-14,29.5,29.75,28.25,29.5,3.8382,2772000
1990-05-15,29.75,30.5,29.25,29.75,3.8707,2394000
1990-05-16,30,30.25,29.375,30,3.9032,1110800
1990-05-17,31.25,31.5,29.75,31.25,4.0659,2894800
1990-05-18,31.75,32.5,30.75,31.75,4.1309,4308000
1990-05-21,32,32,31.25,32,4.1634,2753200
1990-05-22,31.25,32.5,31.25,31.25,4.0659,2540800
1990-05-23,31.75,31.75,30.75,31.75,4.1309,1145600
1990-05-24,31,31.75,30.5,31,4.0358,1655600
1990-05-25,30.75,31.25,30,30.75,4.0032,1992400
1990-05-29,32.5,32.625,30.75,32.5,4.231,1847600
1990-05-30,33,33.25,32.25,33,4.2961,2120800
1990-05-31,33.75,34,32.5,33.75,4.3938,2781600
1990-06-01,34.75,35.25,33.75,34.75,4.5239,4374400
1990-06-04,35.25,35.75,34.25,35.25,4.589,2466000
1990-06-05,35.25,36,35,35.25,4.589,3078800
1990-06-06,34.75,35.25,34,34.75,4.5239,1920400
1990-06-07,35,35.25,34.75,35,4.5565,1718400
1990-06-08,34.25,35,34,34.25,4.4589,3294000
1990-06-11,35,35,33.75,35,4.5565,1563600
1990-06-12,35,35.5,34.75,35,4.5565,1257600
1990-06-13,35.25,35.25,34.75,35.25,4.589,1432800
1990-06-14,35,35.25,34.75,35,4.5565,1263600
1990-06-15,35,35.25,34.75,35,4.5565,1037600
1990-06-18,34.25,35.25,34.25,34.25,4.4589,1380800
1990-06-19,34.25,34.75,34.25,34.25,4.4589,1620400
1990-06-20,35.875,36.25,34.5,35.875,4.6704,3011200
1990-06-21,36.5,36.75,35.25,36.5,4.7518,3166400
1990-06-22,35.125,37,35,35.125,4.5728,2366400
1990-06-25,35,35.5,34.75,35,4.5565,3098400
1990-06-26,34.75,35.75,34,34.75,4.5239,1901200
1990-06-27,35,35.5,34.5,35,4.5565,1030800
1990-06-28,34.75,35.5,34.5,34.75,4.5239,802400
1990-06-29,34.25,34.75,34,34.25,4.4589,1188800
1990-07-02,34,34.5,33.75,34,4.4263,961600
1990-07-03,34.5,34.75,34,34.5,4.4914,718000
1990-07-05,34.75,35.25,34.5,34.75,4.5239,1093200
1990-07-06,35.5,35.5,34.5,35.5,4.6216,1695200
1990-07-09,36.375,36.5,35.25,36.375,4.7355,1191200
1990-07-10,35.75,36.75,35.5,35.75,4.6541,1086800
1990-07-11,36.75,37,35.75,36.75,4.7843,1554000
1990-07-12,36.75,37.5,36.25,36.75,4.7843,1419600
1990-07-13,36.75,37.5,36.75,36.75,4.7843,2598000
1990-07-16,37.25,38.25,36.75,37.25,4.8494,2379200
1990-07-17,36,37.5,36,36,4.6867,1633200
1990-07-18,35.5,36.25,35.25,35.5,4.6216,1474800
1990-07-19,36,36.25,35.25,36,4.6867,784800
1990-07-20,36,37,35.75,36,4.6867,1186000
1990-07-23,33.75,35.5,32.5,33.75,4.3938,3343600
1990-07-24,32.75,34.5,32,32.75,4.2636,3384000
1990-07-25,32.75,33.5,32.25,32.75,4.2636,1869200
1990-07-26,31.5,33,31.25,31.5,4.1008,3372000
1990-07-27,30,31.5,29.75,30,3.9056,3991200
1990-07-30,29.375,30,29,29.375,3.8242,3966800
1990-07-31,29,29.75,29,29,3.7754,3098800
1990-08-01,29.75,30,29,29.75,3.873,2488000
1990-08-02,29.75,30.5,29,29.75,3.873,1096800
1990-08-03,29.375,29.75,28.25,29.375,3.8242,3424400
1990-08-06,27.75,29.5,27.25,27.75,3.6126,3414000
1990-08-07,27,28.75,26,27,3.515,4917600
1990-08-08,25.875,27.5,25.75,25.875,3.3686,4313600
1990-08-09,27.125,27.375,25.75,27.125,3.5313,3555600
1990-08-10,27.125,28.25,27,27.125,3.5313,3838000
1990-08-13,27.5,27.5,26.125,27.5,3.5801,2094000
1990-08-14,26.75,27.5,26.25,26.75,3.4825,2153200
1990-08-15,27.125,27.25,26.5,27.125,3.5313,870400
1990-08-16,26.125,27,26,26.125,3.4011,1293200
1990-08-17,25.5,26,24.5,25.5,3.3197,4529600
1990-08-20,25.25,25.75,25,25.25,3.2872,1468400
1990-08-21,23.75,25,23.25,23.75,3.0919,5272400
1990-08-22,24,24.5,23.5,24,3.1245,1920400
1990-08-23,23,23.625,22.5,23,2.9943,2920400
1990-08-24,23.5,23.75,23,23.5,3.0594,4045600
1990-08-27,24.25,24.75,23.5,24.25,3.1664,2534800
1990-08-28,23.5,24.5,23.5,23.5,3.0685,2055200
1990-08-29,22.75,23.75,22.25,22.75,2.9706,3108400
1990-08-30,22.875,23.25,22.5,22.875,2.9869,1453200
1990-08-31,23,23.25,22.25,23,3.0032,1753200
1990-09-04,23,23.25,22.75,23,3.0032,1237600
1990-09-05,22.5,24.25,22.25,22.5,2.9379,3066800
1990-09-06,21.75,22.25,21.25,21.75,2.84,3112000
1990-09-07,23.125,23.25,21.5,23.125,3.0195,2663200
1990-09-10,23.375,24,23.25,23.375,3.0522,1825600
1990-09-11,23.25,23.5,22.375,23.25,3.0359,1649600
1990-09-12,23.5,23.75,22.75,23.5,3.0685,1005600
1990-09-13,23,23.75,22.5,23,3.0032,1031600
1990-09-14,22.75,23,22.25,22.75,2.9706,878400
1990-09-17,22.5,22.75,22,22.5,2.9379,530000
1990-09-18,22.875,23.25,21.75,22.875,2.9869,2438000
1990-09-19,21.5,23.25,21.5,21.5,2.8074,3299600
1990-09-20,20.5,21.125,20,20.5,2.6768,5296400
1990-09-21,20.75,21,20.25,20.75,2.7094,3631200
1990-09-24,20.5,21,19.75,20.5,2.6768,2834800
1990-09-25,21.25,21.5,20.25,21.25,2.7747,2113600
1990-09-26,20.75,21.5,20.25,20.75,2.7094,2348800
1990-09-27,21,21.75,20.125,21,2.7421,2042400
1990-09-28,20.5,20.5,19.5,20.5,2.6768,4086000
1990-10-01,21.5,22.5,20.5,21.5,2.8074,2210400
1990-10-02,21.25,22.25,21.25,21.25,2.7747,1657200
1990-10-03,20.5,21.25,20.125,20.5,2.6768,1180800
1990-10-04,20.75,20.75,20,20.75,2.7094,1004000
1990-10-05,21,21.25,19.75,21,2.7421,1453600
1990-10-08,20.875,21.5,20.75,20.875,2.7257,692400
1990-10-09,19.625,21,19.5,19.625,2.5625,2562800
1990-10-10,20,20.75,19.25,20,2.6115,2467600
1990-10-11,19,19.75,18.375,19,2.4809,3230800
1990-10-12,20.375,20.75,19.25,20.375,2.6605,2039200
1990-10-15,21.25,21.25,20,21.25,2.7747,966800
1990-10-16,20.25,21,20.25,20.25,2.6441,1018800
1990-10-17,19.75,20.5,19.5,19.75,2.5788,2150400
1990-10-18,21.5,21.5,19.5,21.5,2.8074,2129600
1990-10-19,21.5,22.25,21,21.5,2.8074,1355200
1990-10-22,22,22.5,20.75,22,2.8726,1995200
1990-10-23,22.5,23.5,21.5,22.5,2.9379,2751600
1990-10-24,21.5,22.5,21.25,21.5,2.8074,752400
1990-10-25,21.5,21.875,20.75,21.5,2.8074,1046400
1990-10-26,20.875,21.5,20.75,20.875,2.7257,1303200
1990-10-29,20.125,21,19.75,20.125,2.6278,2376000
1990-10-30,19.25,20.25,18.625,19.25,2.5136,4563200
1990-10-31,18,19.75,17.75,18,2.3503,2726400
1990-11-01,17.75,18.25,17.25,17.75,2.3177,3532000
1990-11-02,19.5,19.5,17.5,19.5,2.5462,2311600
1990-11-05,20.25,20.5,19.25,20.25,2.6441,2143600
1990-11-06,20.25,21,20,20.25,2.6441,1866400
1990-11-07,19.5,20.25,19.25,19.5,2.5462,2299600
1990-11-08,19.5,20.375,19.25,19.5,2.5462,1244000
1990-11-09,21.75,21.75,18.75,21.75,2.84,3030000
1990-11-12,22.5,22.75,20.75,22.5,2.9379,3643600
1990-11-13,22.75,23.25,22.25,22.75,2.9706,3266800
1990-11-14,22.5,23,22.5,22.5,2.9379,3920000
1990-11-15,22,22.75,21.75,22,2.8726,2016400
1990-11-16,21.5,22,21.25,21.5,2.8074,1995200
1990-11-19,21.75,22,21.25,21.75,2.84,1317600
1990-11-20,22,22.25,21.5,22,2.8726,2526000
1990-11-21,23,23.25,21.75,23,3.0032,2502800
1990-11-23,23.25,23.5,22.75,23.25,3.0359,536000
1990-11-26,23.5,23.5,22.75,23.5,3.0685,2050000
1990-11-27,24.75,25,23.25,24.75,3.2343,2366400
1990-11-28,24,25,23.75,24,3.1363,1573600
1990-11-29,23.5,23.75,23,23.5,3.071,1045600
1990-11-30,23.5,23.75,22.5,23.5,3.071,2631200
1990-12-03,22.875,23.75,22.75,22.875,2.9893,2242800
1990-12-04,22.5,23,22,22.5,2.9403,1772800
1990-12-05,23.75,23.75,22.25,23.75,3.1037,2673200
1990-12-06,23.75,24.75,23.5,23.75,3.1037,3784000
1990-12-07,23,23.75,22.25,23,3.0056,2666400
1990-12-10,22.5,23.25,22,22.5,2.9403,1624000
1990-12-11,21.75,22.5,21.25,21.75,2.8423,2278800
1990-12-12,22.25,22.5,21.25,22.25,2.9076,1127600
1990-12-13,22.25,22.5,21.75,22.25,2.9076,1705200
1990-12-14,22.5,22.75,22.25,22.5,2.9403,1005600
1990-12-17,22.375,22.5,22,22.375,2.924,806000
1990-12-18,22.75,23,22,22.75,2.973,1284400
1990-12-19,23.75,23.75,22.75,23.75,3.1037,1766400
1990-12-20,23.375,23.5,23,23.375,3.0546,1321600
1990-12-21,23.5,24,22.25,23.5,3.071,2391200
1990-12-24,23.75,24.375,23.25,23.75,3.1037,1038400
1990-12-26,23,24.25,23,23,3.0056,1202800
1990-12-27,22.25,23,22,22.25,2.9076,2413600
1990-12-28,23,23,22,23,3.0056,1418000
1990-12-31,22.25,23,22,22.25,2.9076,1544800
1991-01-02,22.75,23.25,22,22.75,2.973,1648000
1991-01-03,23,23.5,22.5,23,3.0056,1491200
1991-01-04,23,23.25,22.25,23,3.0056,898000
1991-01-07,22.625,23,22.25,22.625,2.9566,1688000
1991-01-08,22.75,23,22.5,22.75,2.973,1070000
1991-01-09,23,23.75,22.5,23,3.0056,2090000
1991-01-10,24.375,24.75,23,24.375,3.1853,1398800
1991-01-11,24.75,25.125,24,24.75,3.2343,1689600
1991-01-14,23.75,24.25,23.5,23.75,3.1037,2534400
1991-01-15,24,24.25,23.5,24,3.1363,1095600
1991-01-16,25.25,25.75,24,25.25,3.2997,2261200
1991-01-17,25.5,27,25.25,25.5,3.3323,3592400
1991-01-18,26.25,26.25,25,26.25,3.4304,3045200
1991-01-21,26.5,26.75,25.5,26.5,3.463,1044800
1991-01-22,26.25,27.25,26.25,26.25,3.4304,1797200
1991-01-23,27.125,27.25,26,27.125,3.5447,1354000
1991-01-24,27.75,28.75,27,27.75,3.6264,2192000
1991-01-25,27.5,27.75,27.25,27.5,3.5937,843600
1991-01-28,25.75,27.75,25.5,25.75,3.365,672000
1991-01-29,26.5,26.75,24.75,26.5,3.463,2564800
1991-01-30,28,28.5,26.5,28,3.659,2069600
1991-01-31,27.5,28,27.25,27.5,3.5937,947600
1991-02-01,26.75,28,26.75,26.75,3.4957,1486800
1991-02-04,26.5,27.25,26.25,26.5,3.463,998400
1991-02-05,27.75,28.25,26.5,27.75,3.6264,1890400
1991-02-06,29.5,30.25,27.75,29.5,3.8551,3311600
1991-02-07,28.875,30.25,28.75,28.875,3.7734,3417200
1991-02-08,30.25,30.75,28.75,30.25,3.9531,2249600
1991-02-11,33,34,30.5,33,4.3124,5678400
1991-02-12,31.5,33.75,31.25,31.5,4.1164,4336800
1991-02-13,31.5,31.75,30.75,31.5,4.1164,2238400
1991-02-14,31.25,32.25,30.5,31.25,4.0838,2104800
1991-02-15,32,32.5,30.25,32,4.1818,3414800
1991-02-19,32.5,33.25,32,32.5,4.2471,1540000
1991-02-20,31,32.25,30.75,31,4.0511,1049200
1991-02-21,30.75,31.25,30.75,30.75,4.0184,993200
1991-02-22,31,32.25,30.75,31,4.0511,1595600
1991-02-25,33.5,34.25,32.75,33.5,4.3778,2914000
1991-02-26,33.375,33.75,32.5,33.375,4.3614,2125200
1991-02-27,34,34.25,33.25,34,4.4457,2499600
1991-02-28,34.5,34.75,33.75,34.5,4.511,1664800
1991-03-01,36.125,36.5,34,36.125,4.7235,3532800
1991-03-04,35.75,36.25,35.25,35.75,4.6745,1462400
1991-03-05,35.75,35.75,35.5,35.75,4.6745,1246400
1991-03-06,35.25,36,35,35.25,4.6091,1809200
1991-03-07,34.75,35.75,34.5,34.75,4.5437,1738000
1991-03-08,34,35,33.75,34,4.4457,1455200
1991-03-11,32.5,34,32.5,32.5,4.2495,1304800
1991-03-12,33.75,34,32,33.75,4.413,1228800
1991-03-13,35,35.25,33.75,35,4.5764,799600
1991-03-14,34.5,36,34.25,34.5,4.511,2232800
1991-03-15,35,35,34.25,35,4.5764,1343200
1991-03-18,35,35.75,34.75,35,4.5764,692000
1991-03-19,34.375,34.75,34,34.375,4.4947,663600
1991-03-20,34.5,34.5,33.25,34.5,4.511,660400
1991-03-21,33.75,34.75,33.75,33.75,4.413,607200
1991-03-22,33.5,34,33.25,33.5,4.3803,289600
1991-03-25,34.5,35,33.5,34.5,4.511,1030800
1991-03-26,35.875,36.25,34.5,35.875,4.6908,1400400
1991-03-27,35.625,36.25,35,35.625,4.6581,1627600
1991-03-28,35.5,35.75,35.25,35.5,4.6418,769200
1991-04-01,34.25,35.75,34.25,34.25,4.4783,774400
1991-04-02,35.75,36.125,34.25,35.75,4.6745,1048400
1991-04-03,36,36.25,35.75,36,4.7072,1449200
1991-04-04,36.25,36.75,35.75,36.25,4.7399,5213200
1991-04-05,35.875,36.5,35.5,35.875,4.6908,1822800
1991-04-08,36.5,36.625,35.5,36.5,4.7725,1047200
1991-04-09,37.75,38.5,36.5,37.75,4.936,2976400
1991-04-10,39.25,40,37,39.25,5.1321,3528400
1991-04-11,39.75,40.5,39,39.75,5.1975,3032800
1991-04-12,39,40.25,38.75,39,5.0994,1642000
1991-04-15,39,39.5,38.5,39,5.0994,1996400
1991-04-16,40,40,38.75,40,5.2302,1951200
1991-04-17,40.25,41.5,39.75,40.25,5.2629,1975600
1991-04-18,38.75,40.25,38.75,38.75,5.0667,1667600
1991-04-19,36.75,38.75,36.75,36.75,4.8052,1510000
1991-04-22,37.5,38,36.5,37.5,4.9033,1095600
1991-04-23,38.25,38.5,37.5,38.25,5.0014,644800
1991-04-24,38.25,38.5,37.75,38.25,5.0014,372400
1991-04-25,38,38.5,37.75,38,4.9687,1030400
1991-04-26,38,38.25,37.5,38,4.9687,1740000
1991-04-29,36.75,38.25,36.75,36.75,4.8052,1000400
1991-04-30,38,38,35.5,38,4.9687,2302400
1991-05-01,39,39.25,37.5,39,5.0994,950800
1991-05-02,38.125,39.5,38,38.125,4.985,764800
1991-05-03,39,39,37.375,39,5.0994,1432000
1991-05-06,38,39,37.75,38,4.9687,1323200
1991-05-07,38.75,39.25,38.5,38.75,5.0667,2275200
1991-05-08,40.75,41.25,38.75,40.75,5.3282,3488000
1991-05-09,42,42.25,40.375,42,5.4917,3075600
1991-05-10,41.25,43,41.25,41.25,5.3936,2737200
1991-05-13,44,44.75,42.375,44,5.7532,6098800
1991-05-14,41.75,44,41.75,41.75,5.459,3130400
1991-05-15,42.25,42.5,41.25,42.25,5.5244,3265600
1991-05-16,43.875,44.25,42.25,43.875,5.7369,2766800
1991-05-17,44.25,45,43.25,44.25,5.7859,2266000
1991-05-20,43.25,44.5,42.5,43.25,5.6551,2740800
1991-05-21,44.25,44.25,43,44.25,5.7859,1340000
1991-05-22,43.75,44.625,43.5,43.75,5.7205,1651600
1991-05-23,43.875,44.25,43.5,43.875,5.7369,1036800
1991-05-24,44,44.25,43.75,44,5.7532,925200
1991-05-28,44.75,44.75,43.75,44.75,5.8538,864000
1991-05-29,44.75,45,44,44.75,5.8538,2476400
1991-05-30,45,45.75,43.75,45,5.8865,1795200
1991-05-31,46.25,46.25,44.25,46.25,6.05,1188400
1991-06-03,46,47,45.5,46,6.0173,1203600
1991-06-04,45.75,46.5,45.75,45.75,5.9846,2885600
1991-06-05,45.625,46,45.5,45.625,5.9682,1339200
1991-06-06,47.25,47.25,45.5,47.25,6.1808,1232400
1991-06-07,45.75,47,45.5,45.75,5.9846,2649200
1991-06-10,45,46.25,44.75,45,5.8865,2610000
1991-06-11,44.5,45.625,44.5,44.5,5.821,2463200
1991-06-12,43.75,44.5,43.25,43.75,5.7229,3301200
1991-06-13,44.25,44.25,43.75,44.25,5.7883,1192400
1991-06-14,45,45,44.25,45,5.8865,910000
1991-06-17,44.5,45.25,44.5,44.5,5.821,385600
1991-06-18,44.25,45.25,44.25,44.25,5.7883,1090800
1991-06-19,43.25,44.5,43.25,43.25,5.6575,1357200
1991-06-20,42.5,43.5,42.25,42.5,5.5594,1854400
1991-06-21,41.25,42.75,41,41.25,5.3959,1439200
1991-06-24,38.5,40.75,38.5,38.5,5.0362,1816000
1991-06-25,38.25,39.5,37.875,38.25,5.0035,2166000
1991-06-26,38.625,38.75,37.75,38.625,5.0525,2505600
1991-06-27,39.75,40,38.75,39.75,5.1997,988000
1991-06-28,39.5,40,39,39.5,5.167,1032000
1991-07-01,41.25,41.25,39.5,41.25,5.3959,934000
1991-07-02,42.75,43,40.75,42.75,5.5921,1468800
1991-07-03,41.5,42.75,41.5,41.5,5.4286,1682000
1991-07-05,41.25,42,41.25,41.25,5.3959,452000
1991-07-08,43.875,44,40.5,43.875,5.7393,1902800
1991-07-09,44.25,44.5,43.75,44.25,5.7883,1767600
1991-07-10,45,46,44,45,5.8865,1493200
1991-07-11,45.5,46,44.75,45.5,5.9519,1850000
1991-07-12,44.25,45.5,43.25,44.25,5.7883,1033600
1991-07-15,45,45.25,44.5,45,5.8865,382000
1991-07-16,43.375,45,43.25,43.375,5.6739,922400
1991-07-17,43.25,43.75,42.5,43.25,5.6575,726000
1991-07-18,43.25,43.5,42.75,43.25,5.6575,404400
1991-07-19,44.25,44.25,42.75,44.25,5.7883,796000
1991-07-22,43.75,44.25,43.375,43.75,5.7229,1075200
1991-07-23,43.25,44.25,43.25,43.25,5.6575,926400
1991-07-24,43.5,44,43.25,43.5,5.6902,848800
1991-07-25,44.375,44.375,43.5,44.375,5.8047,698800
1991-07-26,44.125,44.5,43.75,44.125,5.772,663600
1991-07-29,44,44.5,43.75,44,5.7556,511200
1991-07-30,45.75,45.75,44.25,45.75,5.9846,1201600
1991-07-31,45.75,45.875,45.25,45.75,5.9846,1179200
1991-08-01,45.75,46,45.5,45.75,5.9846,554000
1991-08-02,46.25,46.625,46,46.25,6.05,1402400
1991-08-05,45.5,47,45.5,45.5,5.9519,995200
1991-08-06,45.75,46.25,44.75,45.75,5.9846,1304000
1991-08-07,47,47,46.25,47,6.1481,1042400
1991-08-08,47.25,47.5,46.75,47.25,6.1808,1253600
1991-08-09,47.625,47.625,46.75,47.625,6.2298,722400
1991-08-12,48,48.25,47.25,48,6.2789,1047200
1991-08-13,51.625,51.75,49.5,51.625,6.7531,5156000
1991-08-14,52,53,51.75,52,6.8021,3106800
1991-08-15,50,52.5,49.75,50,6.5405,1270800
1991-08-16,49.5,50.25,48.75,49.5,6.4751,1430800
1991-08-19,47.5,48.5,45.75,47.5,6.2135,1474400
1991-08-20,48,48.75,47.5,48,6.2789,1044800
1991-08-21,52,52,48.75,52,6.8021,2306000
1991-08-22,51,52.5,50.5,51,6.6713,2156400
1991-08-23,50.25,51,50,50.25,6.5732,1693600
1991-08-26,48.75,50,48.25,48.75,6.377,1626800
1991-08-27,49.375,49.5,47.75,49.375,6.4687,1066400
1991-08-28,49.5,49.5,48.75,49.5,6.485,1144800
1991-08-29,48.25,49.5,47.5,48.25,6.3213,1495600
1991-08-30,47.75,48.5,47.75,47.75,6.2558,536400
1991-09-03,47,48.5,47,47,6.1575,1278400
1991-09-04,45.75,47.25,45.75,45.75,5.9938,1555200
1991-09-05,46.25,46.5,45.25,46.25,6.0593,2364400
1991-09-06,47.25,47.5,46.25,47.25,6.1903,1356800
1991-09-09,47.75,47.75,47,47.75,6.2558,1197200
1991-09-10,46,47.75,45.75,46,6.0265,1890800
1991-09-11,45.75,46.25,45.25,45.75,5.9938,1980000
1991-09-12,47.25,47.75,45.5,47.25,6.1903,2281600
1991-09-13,45.75,48,45.5,45.75,5.9938,1664400
1991-09-16,46,46,44.75,46,6.0265,974400
1991-09-17,46.5,46.5,45.25,46.5,6.092,755200
1991-09-18,48.75,48.875,44.5,48.75,6.3868,1277600
1991-09-19,47,49.25,47,47,6.1575,1336000
1991-09-20,46.75,47.5,46.25,46.75,6.1248,1060000
1991-09-23,46.25,47,45.75,46.25,6.0593,427200
1991-09-24,45.375,46.25,44.5,45.375,5.9446,1730400
1991-09-25,45,45.75,44.5,45,5.8955,1033600
1991-09-26,45.75,46.25,44,45.75,5.9938,1302800
1991-09-27,44.75,46.75,44.375,44.75,5.8627,1158400
1991-09-30,45,45.25,44.25,45,5.8955,884400
1991-10-01,44.75,45.5,44.25,44.75,5.8627,992000
1991-10-02,43.25,44.5,42.5,43.25,5.6662,2320800
1991-10-03,42.5,43.5,42.5,42.5,5.568,2128400
1991-10-04,42.75,43,41.75,42.75,5.6007,864400
1991-10-07,42.25,42.75,41.5,42.25,5.5352,1405600
1991-10-08,42.25,42.25,41.25,42.25,5.5352,1048000
1991-10-09,33.75,34.25,33.125,33.75,4.4216,25002400
1991-10-10,35.75,36,34,35.75,4.6836,9004400
1991-10-11,37,37,36,37,4.8474,3977200
1991-10-14,36.25,37,35.75,36.25,4.7492,1692400
1991-10-15,36.5,36.5,35.5,36.5,4.7819,2340800
1991-10-16,36.25,36.5,35.5,36.25,4.7492,1538800
1991-10-17,36.125,36.5,35.75,36.125,4.7328,1580400
1991-10-18,36.5,37.75,36,36.5,4.7819,1922800
1991-10-21,36.25,36.75,36,36.25,4.7492,1776400
1991-10-22,34.5,36.5,34.5,34.5,4.5199,2976800
1991-10-23,33.25,34.5,33,33.25,4.3561,2881200
1991-10-24,32.5,33.75,31.5,32.5,4.2579,4568800
1991-10-25,32.5,32.75,31.25,32.5,4.2579,5008000
1991-10-28,33.125,33.25,32.5,33.125,4.3397,4188400
1991-10-29,34.5,34.5,33,34.5,4.5199,3789200
1991-10-30,36.75,37,34.5,36.75,4.8147,4751600
1991-10-31,35.75,38.25,35.75,35.75,4.6836,3603200
1991-11-01,36,36.75,35.25,36,4.7164,1834000
1991-11-04,35,35.5,34.25,35,4.5854,1559600
1991-11-05,35.75,36.75,35.5,35.75,4.6836,2517200
1991-11-06,36.25,36.75,35.75,36.25,4.7492,2009200
1991-11-07,38.75,39.5,36.25,38.75,5.0767,4691600
1991-11-08,38.875,40,38.25,38.875,5.0931,3021200
1991-11-11,38.5,39.25,37.5,38.5,5.0439,2148800
1991-11-12,39.125,39.25,38.25,39.125,5.1258,2938800
1991-11-13,37.5,38.25,37.25,37.5,4.9129,3462400
1991-11-14,36.5,38.25,36,36.5,4.7819,2591600
1991-11-15,34,36.5,33.75,34,4.4544,2867200
1991-11-18,36,36,33.75,36,4.7164,3105200
1991-11-19,35,36,33.5,35,4.5854,3083600
1991-11-20,34.75,36.25,34.25,34.75,4.5526,1863200
1991-11-21,36,36,35,36,4.7164,930400
1991-11-22,35.375,36.25,34,35.375,4.6345,1836800
1991-11-25,34.75,36.25,34.5,34.75,4.5623,1220000
1991-11-26,35.75,35.75,33.75,35.75,4.6936,2062400
1991-11-27,36,36.5,35.5,36,4.7264,604000
1991-11-29,34.75,36,34.75,34.75,4.5623,415600
1991-12-02,35,35.75,34,35.75,4.6936,1651600
1991-12-03,35.25,36.25,34.75,35.375,4.6443,961200
1991-12-04,35.5,36,35,36,4.7264,752800
1991-12-05,36,36,35.5,35.75,4.6936,1087600
1991-12-06,36,36.5,35.5,36,4.7264,1628000
1991-12-09,36,36.625,35.5,35.5,4.6607,1207200
1991-12-10,35.75,35.75,33.75,34.5,4.5295,1178800
1991-12-11,34.5,35,33.75,34.125,4.4802,1339200
1991-12-12,34,34.25,33.5,33.75,4.431,1880800
1991-12-13,34.125,34.25,33.5,33.5,4.3982,1119600
1991-12-16,33.5,33.75,32,33.25,4.3653,4620000
1991-12-17,33,33.5,31.75,31.75,4.1684,2667200
1991-12-18,31.75,32.25,31.5,31.75,4.1684,1439600
1991-12-19,32,32.5,31.75,32.25,4.2341,2481200
1991-12-20,33,33.75,32.5,33.5,4.3982,3196800
1991-12-23,33.5,36,33.25,35.5,4.6607,1540800
1991-12-24,36,36.5,35.75,35.75,4.6936,1164000
1991-12-26,35.75,36.5,34.5,36,4.7264,814800
1991-12-27,35.75,36.125,33.75,35,4.5951,2400800
1991-12-30,34.75,35.75,34.5,35.5,4.6607,1762400
1991-12-31,35.25,36,34.5,36,4.7264,3196400
1992-01-02,35.75,39.125,35.125,38.5,5.0546,2522000
1992-01-03,39.5,41,38,38.5,5.0546,4032400
1992-01-06,38.5,38.875,37.5,38.25,5.0218,1293200
1992-01-07,38,38.5,37.25,38.25,5.0218,922000
1992-01-08,37.75,38.75,37.5,38,4.989,1567200
1992-01-09,38,38.5,35.75,35.75,4.6936,1920000
1992-01-10,35.75,36,34.75,36,4.7264,2237200
1992-01-13,35.5,36.25,35,36,4.7264,1011200
1992-01-14,35.75,37.25,35.5,37,4.8577,2331200
1992-01-15,37,37.75,36.5,37.75,4.9561,1452400
1992-01-16,37.5,38.5,37,37.75,4.9561,2077600
1992-01-17,37.5,39.25,37.5,38.75,5.0874,2911200
1992-01-20,38.5,38.75,36.5,36.75,4.8249,2166800
1992-01-21,37,37,35.5,36.25,4.7592,1774400
1992-01-22,36.5,39.5,36.25,39.5,5.1859,3450400
1992-01-23,39.25,39.75,38,39.75,5.2187,3088400
1992-01-24,39.25,39.75,38.5,39.375,5.1695,2992800
1992-01-27,39.5,39.75,38.75,39,5.1203,2301200
1992-01-28,39,39.25,38.25,39,5.1203,2704400
1992-01-29,38.5,39.25,37.75,38,4.989,2016800
1992-01-30,38,38.25,36.75,37.25,4.8905,1753600
1992-01-31,37.5,37.75,36.5,37,4.8577,1372000
1992-02-03,37.25,37.5,36.75,37,4.8577,914400
1992-02-04,37,38.5,36.75,38.25,5.0218,2572800
1992-02-05,38.25,40.75,37.5,40.5,5.3172,5052000
1992-02-06,40.5,42.25,40.5,40.75,5.35,4077200
1992-02-07,41,41.5,40.5,41.25,5.4157,1984400
1992-02-10,41.25,42,40.75,41.25,5.4157,1217600
1992-02-11,40.75,41.25,39.75,40.5,5.3172,724000
1992-02-12,41,42.75,40.5,42.5,5.5798,1324800
1992-02-13,42.75,42.75,41.25,42,5.5141,1600800
1992-02-14,41.75,42.25,41.25,41.5,5.4485,1117600
1992-02-18,42,42,40,40,5.2515,969600
1992-02-19,39.5,40.25,39.25,40.25,5.2844,664000
1992-02-20,40,41.5,40,41.25,5.4157,1216000
1992-02-21,41,41.25,38.75,38.75,5.0874,1613200
1992-02-24,39.25,40.25,38.25,40,5.2515,2452000
1992-02-25,39.5,39.5,38.25,39,5.1299,2189200
1992-02-26,39.25,40.75,39,40.625,5.3436,1956800
1992-02-27,40.75,41.25,40,40.25,5.2943,1325200
1992-02-28,40,40.5,38.75,39.5,5.1956,1012000
1992-03-02,39.5,40.75,39.25,40.5,5.3272,864400
1992-03-03,40.5,41,38.5,39,5.1299,2440400
1992-03-04,39.5,40,38.75,39.25,5.1627,1099200
1992-03-05,39.25,40,38.5,39,5.1299,977200
1992-03-06,39.25,39.75,38,39,5.1299,1238000
1992-03-09,39.5,39.75,39.25,39.5,5.1956,769200
1992-03-10,39.75,40.5,39.5,40,5.2614,555200
1992-03-11,39.75,40,39.25,39.75,5.2285,1451200
1992-03-12,39.5,40.75,39.5,39.625,5.2121,1233600
1992-03-13,40,40.25,39.5,40,5.2614,556000
1992-03-16,39.75,41,39.375,41,5.3929,1378800
1992-03-17,41,41,39.75,39.875,5.2449,934800
1992-03-18,40.25,40.25,38.25,38.5,5.0641,2942000
1992-03-19,38.5,39,37.25,37.375,4.9161,1520000
1992-03-20,37.25,37.5,36.5,36.75,4.8339,1628800
1992-03-23,36.75,37.5,36.75,36.875,4.8503,1354400
1992-03-24,37,37.25,36.75,36.75,4.8339,1046000
1992-03-25,37.25,37.25,35.625,35.625,4.6859,1777200
1992-03-26,37,37.25,36.25,36.375,4.7846,1741600
1992-03-27,36.5,36.5,36,36,4.7352,1126400
1992-03-30,36.25,37.5,36,37,4.8668,1449200
1992-03-31,36.5,37.5,36.5,37,4.8668,1041200
1992-04-01,36.25,37.75,35.75,37.5,4.9326,1868800
1992-04-02,37.25,37.5,36.25,36.5,4.801,1476800
1992-04-03,36.5,36.5,34.5,34.875,4.5873,2448800
1992-04-06,35,35.75,34.75,35.5,4.6695,1126800
1992-04-07,35.5,36,34.5,34.5,4.5379,1630400
1992-04-08,34.5,35,34,34.25,4.5051,2766800
1992-04-09,34.5,35.5,33.75,35.25,4.6366,1102800
1992-04-10,35.5,36.25,33.5,34,4.4722,1298400
1992-04-13,34.25,34.75,32.75,33.25,4.3735,1792000
1992-04-14,33.25,35.5,33.25,34,4.4722,2379600
1992-04-15,34.5,34.75,32.5,33,4.3406,3578400
1992-04-16,32.75,33.25,32,32.25,4.242,3879200
1992-04-20,32.5,32.5,30,31.5,4.1433,3946000
1992-04-21,31.5,33.5,30.5,32.75,4.3078,5496800
1992-04-22,33,33.75,31.75,33,4.3406,1609600
1992-04-23,33.5,33.75,32,32.75,4.3078,1120400
1992-04-24,32.5,33.75,31.75,32.875,4.3242,1513200
1992-04-27,32.5,33,31.75,32.5,4.2749,2137600
1992-04-28,32.75,33,32,32.875,4.3242,1732000
1992-04-29,33,34.25,33,34,4.4722,1824000
1992-04-30,34.25,34.5,33.5,34.25,4.5051,974800
1992-05-01,34.25,34.25,32.5,32.75,4.3078,1034800
1992-05-04,33.5,34.75,33,34.75,4.5708,1286400
1992-05-05,34.5,35.25,33.75,34.75,4.5708,1029200
1992-05-06,34.5,34.75,34,34.5,4.5379,1986400
1992-05-07,34.5,34.5,33.75,34.25,4.5051,883200
1992-05-08,33.75,34.25,33.25,33.375,4.39,338400
1992-05-11,33.75,34.25,33.5,34,4.4722,566000
1992-05-12,33.25,33.5,32.25,32.75,4.3078,3535600
1992-05-13,32.5,34,32.25,33,4.3406,1298800
1992-05-14,33,33.25,31.75,32,4.2091,2448000
1992-05-15,32,32.75,32,32.25,4.242,962400
1992-05-18,32.75,32.75,31.75,32,4.2091,1085600
1992-05-19,32,32.75,31.5,32.5,4.2749,1158400
1992-05-20,32.25,32.75,32.25,32.75,4.3078,721200
1992-05-21,32.25,32.75,31.5,32.25,4.242,1314000
1992-05-22,32,32.25,31.5,31.5,4.1433,265600
1992-05-26,31.625,32,31,31.75,4.1861,954400
1992-05-27,31.75,32,31.25,31.25,4.1202,1867600
1992-05-28,31.5,31.75,31,31.625,4.1696,3030400
1992-05-29,32,32.5,31.75,31.875,4.2026,1946800
1992-06-01,31.875,32.25,31.75,32.25,4.252,969200
1992-06-02,32.25,32.25,31.5,32,4.219,773200
1992-06-03,31.5,32.25,31.25,32,4.219,887600
1992-06-04,31.75,32,31.25,31.5,4.1531,922400
1992-06-05,31.75,31.75,30.5,30.5,4.0213,1726400
1992-06-08,31,31,29.5,30.125,3.9718,3383600
1992-06-09,30.25,30.25,29,29.75,3.9224,2675200
1992-06-10,30.5,30.5,29.75,29.875,3.9389,1072800
1992-06-11,30,30.5,29.75,30,3.9554,2378800
1992-06-12,30.5,30.5,30,30.25,3.9883,2104400
1992-06-15,29.75,30.25,29.25,30.125,3.9718,1902000
1992-06-16,30.25,30.25,29.5,29.5,3.8894,569600
1992-06-17,30,30,29,29.5,3.8894,914000
1992-06-18,29.75,29.75,29,29.25,3.8565,1156400
1992-06-19,29,29.5,28.625,29,3.8235,1046000
1992-06-22,29,29.25,28.5,29.25,3.8565,1201200
1992-06-23,29,29.5,27.25,28,3.6917,4056000
1992-06-24,27,28.5,26.5,27.75,3.6587,3549600
1992-06-25,28.25,28.25,27.25,27.5,3.6257,2202000
1992-06-26,27.5,27.75,27.25,27.5,3.6257,834400
1992-06-29,27.75,28,27.25,28,3.6917,804400
1992-06-30,28,28.25,27.25,28.25,3.7246,1796800
1992-07-01,28.125,28.5,28,28.25,3.7246,3590000
1992-07-02,28.5,28.5,26.5,27.5,3.6257,2417600
1992-07-06,27.5,27.75,26.5,27,3.5598,1834000
1992-07-07,26.75,27.25,25.5,25.75,3.395,3316800
1992-07-08,25.75,26.5,25.75,26.5,3.4939,3382000
1992-07-09,26.25,28,26.25,27.25,3.5928,2599600
1992-07-10,27.75,28.25,27.25,27.875,3.6752,2065600
1992-07-13,28.25,28.5,27.75,28,3.6917,1472000
1992-07-14,28.5,29,28,28.75,3.7906,979200
1992-07-15,29,29.25,27.5,28.5,3.7576,1630800
1992-07-16,28.25,28.25,27.5,27.625,3.6422,1199200
1992-07-17,27.75,27.75,26,27,3.5598,4959200
1992-07-20,27,27,26.25,26.5,3.4939,2374800
1992-07-21,26.5,27,26.25,26.75,3.5269,2172800
1992-07-22,26.75,27,26,26.125,3.4445,1073600
1992-07-23,26,26.5,25.75,26.25,3.4609,1344400
1992-07-24,26.25,26.5,26,26.125,3.4445,821600
1992-07-27,26.5,26.75,26,26.5,3.4939,1072000
1992-07-28,26.5,27.5,26.25,27.25,3.5928,1984400
1992-07-29,27.5,28.5,27,27.75,3.6587,5154800
1992-07-30,27.75,29.75,27.5,29.125,3.84,4107600
1992-07-31,29.5,29.5,28.25,28.75,3.7906,1576400
1992-08-03,29.25,29.25,28.25,29,3.8235,804000
1992-08-04,28.75,29,28,28.25,3.7246,1282400
1992-08-05,28,28.5,27.5,28.5,3.7576,921200
1992-08-06,28,29,28,28.75,3.7906,1016800
1992-08-07,28.75,29,28,28.25,3.7246,966800
1992-08-10,28,28.25,27.5,27.75,3.6587,846800
1992-08-11,28,28.25,26.5,26.625,3.5104,2159200
1992-08-12,27.75,29.5,27.25,28.5,3.7576,3185600
1992-08-13,28.5,28.5,28,28,3.6917,1972800
1992-08-14,28.5,28.75,28,28.25,3.7246,1176800
1992-08-17,28.25,29,28.25,28.5,3.7576,438000
1992-08-18,28.75,28.75,28.25,28.75,3.7906,629200
1992-08-19,28.75,29,28.5,28.5,3.7576,592800
1992-08-20,28.5,29.5,28.25,29.25,3.8565,788800
1992-08-21,29.5,29.75,28.25,28.5,3.7576,1294000
1992-08-24,28.5,28.5,28,28.125,3.7081,1548800
1992-08-25,28.25,28.25,27.75,27.75,3.6685,1817600
1992-08-26,27.75,28.25,27.5,28,3.7015,515200
1992-08-27,28,28.25,27.75,27.75,3.6685,2190400
1992-08-28,27.75,28,27.5,27.5,3.6354,502000
1992-08-31,28,28.25,26.5,26.75,3.5363,1647200
1992-09-01,27,27.25,26.75,27.25,3.6024,1534000
1992-09-02,27.25,27.5,26.75,27.25,3.6024,1918000
1992-09-03,27.5,28.25,27,27.75,3.6685,2337600
1992-09-04,28.25,28.25,27.25,27.375,3.6189,774400
1992-09-08,27.25,27.5,26.75,27,3.5693,1644800
1992-09-09,27,29,26.75,28.5,3.7676,2854400
1992-09-10,28.375,30,28.25,29.625,3.9163,1982800
1992-09-11,29.5,29.75,29,29.125,3.8502,697600
1992-09-14,29.5,30.5,29.25,30.375,4.0155,1376800
1992-09-15,29.75,30.75,29.75,30.25,3.999,1864800
1992-09-16,30.25,30.75,29.5,29.75,3.9329,1530400
1992-09-17,29.75,30,28.5,28.625,3.7841,1168400
1992-09-18,29,29,28.25,28.5,3.7676,1391200
1992-09-21,28.5,29.75,28.25,29.5,3.8998,708800
1992-09-22,29.75,30,29,29.125,3.8502,936000
1992-09-23,29.5,29.75,28.75,28.75,3.8007,1042000
1992-09-24,29,29.25,28.75,29,3.8337,1362800
1992-09-25,28.75,29.25,27.75,28.25,3.7346,1160400
1992-09-28,28,28.25,27.5,28,3.7015,1768400
1992-09-29,28,29,28,28.625,3.7841,1685600
1992-09-30,28.5,28.75,28.25,28.5,3.7676,897200
1992-10-01,28.75,29.5,28.5,29,3.8337,1239600
1992-10-02,29,29.25,28,28.625,3.7841,2057600
1992-10-05,28.5,30,28,30,3.9659,2577600
1992-10-06,30,30.75,29.5,29.875,3.9494,1160800
1992-10-07,29.5,30.25,29.5,29.625,3.9163,709200
1992-10-08,30,30.5,29.5,30,3.9659,1242000
1992-10-09,30.25,30.25,28.75,30,3.9659,1652400
1992-10-12,29.5,30.75,29.5,30.5,4.032,928400
1992-10-13,30.5,30.5,30,30.25,3.999,422400
1992-10-14,30,31,30,30.75,4.0651,1022000
1992-10-15,30.5,31,30.25,31,4.0981,998000
1992-10-16,31,33.5,30.75,33.25,4.3955,3526400
1992-10-19,33.25,34,32.75,33.125,4.379,3086400
1992-10-20,33.25,34,33,33.75,4.4616,1682400
1992-10-21,33.75,34.75,33.75,34.625,4.5773,1900000
1992-10-22,34.5,35,32.5,32.5,4.2964,4097600
1992-10-23,33,33,31.75,32.25,4.2633,1983600
1992-10-26,31.75,33.75,31.25,33.75,4.4616,1961600
1992-10-27,33.875,34.5,32.5,33.25,4.3955,3268000
1992-10-28,33.25,35,33,34.875,4.6104,4333600
1992-10-29,35,35,33.75,33.75,4.4616,4204000
1992-10-30,34,34.125,33.5,33.625,4.4451,2213600
1992-11-02,33.5,34.5,33.5,34.5,4.5608,808400
1992-11-03,34.25,34.5,32.75,33.125,4.379,2464800
1992-11-04,33,33,32,32.5,4.2964,1076000
1992-11-05,32.5,32.75,31,32.125,4.2468,6636800
1992-11-06,32,32.25,31.25,32,4.2303,1086400
1992-11-09,32,32,31.25,31.25,4.1312,1030000
1992-11-10,31.75,32.75,30.625,31.75,4.1973,2549200
1992-11-11,34.5,35.75,33.875,35.25,4.6599,6434800
1992-11-12,35.5,36.5,35.25,36.5,4.8252,4876400
1992-11-13,36.75,37.5,36.25,37.5,4.9574,2589200
1992-11-16,37,37,36,36.375,4.8087,1204400
1992-11-17,36,36.5,34.75,35.75,4.726,1598000
1992-11-18,35.75,36.25,35.25,36,4.7591,739200
1992-11-19,36,36.75,35.75,36.5,4.8252,2518400
1992-11-20,36.75,37.75,36.5,37.5,4.9574,3203200
1992-11-23,37.5,37.75,37.25,37.5,4.9614,2535200
1992-11-24,37.5,39,37.5,38.25,5.0606,2558400
1992-11-25,38.25,38.5,37.75,38,5.0275,1064800
1992-11-27,38.25,38.25,38,38.25,5.0606,604000
1992-11-30,38,38.25,37.25,37.75,4.9944,2305200
1992-12-01,37.5,37.75,36.5,37,4.8952,2129200
1992-12-02,36.75,37.5,36.25,37.5,4.9614,1706800
1992-12-03,37,38.75,37,38.25,5.0606,1901600
1992-12-04,38,38.5,37.75,38.25,5.0606,1061600
1992-12-07,36.75,37.25,35.5,36,4.7629,1944400
1992-12-08,36,37,35.5,36.25,4.796,1462400
1992-12-09,35.75,36.5,34.5,35,4.6306,2478400
1992-12-10,35,35.25,34.5,34.875,4.6141,886800
1992-12-11,34.5,35.5,34.5,35.5,4.6967,459600
1992-12-14,35.25,35.75,35.25,35.25,4.6637,710000
1992-12-15,35.25,36,35,35.5,4.6967,652800
1992-12-16,36,36,35.25,35.75,4.7298,520400
1992-12-17,35.75,38.25,35.25,38.125,5.044,3544000
1992-12-18,38.5,39,37,37,4.8952,2078000
1992-12-21,37,38.875,36.25,38.75,5.1267,2538000
1992-12-22,38.5,39.25,37,37.25,4.9283,2026000
1992-12-23,37,37.5,36.5,37,4.8952,1185600
1992-12-24,36.5,37,36.5,36.5,4.829,176400
1992-12-28,37,37.25,36.25,37.25,4.9283,529600
1992-12-29,37.25,38.5,37.25,37.875,5.011,2533600
1992-12-30,37.75,40.25,37.75,40,5.2921,3707600
1992-12-31,40.25,40.25,38.75,38.75,5.1267,1748000
1993-01-04,39.25,39.25,37.5,37.75,4.9944,1864800
1993-01-05,38,38.5,37.75,37.75,4.9944,1006800
1993-01-06,38,39.25,38,38.875,5.1433,4168400
1993-01-07,39.25,39.5,37.75,37.875,5.011,1899600
1993-01-08,37.75,39.25,37.5,39,5.1598,1683200
1993-01-11,38.75,39.75,38.75,39.25,5.1929,2966000
1993-01-12,39,39.75,38.5,39,5.1598,1491200
1993-01-13,39,39.75,38.75,39.5,5.226,2234400
1993-01-14,39.5,40.25,39.5,40,5.2921,1716000
1993-01-15,39.5,40.25,39.25,39.75,5.259,1498000
1993-01-18,39.5,39.75,38.75,39,5.1598,1375200
1993-01-19,38.75,39.5,38.75,39,5.1598,3146400
1993-01-20,39,39.5,38.25,38.25,5.0606,1606000
1993-01-21,38.5,38.5,37.5,37.75,4.9944,2574800
1993-01-22,38.25,39,37.75,38.5,5.0937,2579600
1993-01-25,38.75,40.5,38.5,39.875,5.2756,3764400
1993-01-26,40,40.25,39.25,39.625,5.2425,2910000
1993-01-27,39.25,39.75,38.75,39.375,5.2094,3084000
1993-01-28,39,39.5,38.625,39.125,5.1763,1695600
1993-01-29,39,39.75,39,39.25,5.1929,1646400
1993-02-01,39,43,39,42.5,5.6229,5909200
1993-02-02,42.75,43,40.75,41.375,5.474,6591200
1993-02-03,41.25,43,40.5,41.875,5.5402,5490000
1993-02-04,42.25,43.5,42.25,43.375,5.7386,6080000
1993-02-05,43,43.5,41.25,41.75,5.5236,1463200
1993-02-08,41.25,42.5,41,41.25,5.4575,1593200
1993-02-09,41,41.375,40.25,40.75,5.3913,1350800
1993-02-10,40.75,42.25,40.5,41,5.4244,1851200
1993-02-11,40.75,41.75,40.5,41.5,5.4906,1362800
1993-02-12,41.75,42,41,41.125,5.4409,745200
1993-02-16,41,41.25,37,38.5,5.0937,4058000
1993-02-17,38.75,39,36.25,36.75,4.8621,5026800
1993-02-18,37,38,36.5,37,4.8952,3920000
1993-02-19,37.5,37.5,35.5,36.875,4.8787,3086000
1993-02-22,37,39,36.75,38.75,5.1267,4590400
1993-02-23,35.75,35.75,32.5,32.875,4.3584,11070000
1993-02-24,32.75,34.75,32.5,34.75,4.6069,4780800
1993-02-25,34.5,34.75,33.25,34.25,4.5406,2764800
1993-02-26,34.25,34.5,32,33,4.3749,5620800
1993-03-01,33.25,33.25,31.75,32,4.2424,3343200
1993-03-02,31.75,33.75,31.75,33.625,4.4578,4064400
1993-03-03,33.5,34.5,33,33.25,4.4081,2381200
1993-03-04,33.25,33.5,32.25,32.5,4.3086,2338800
1993-03-05,32.625,34.25,32.5,34,4.5075,3293200
1993-03-08,34.25,34.5,33.75,34.375,4.5572,1599200
1993-03-09,34.5,34.5,32.25,32.25,4.2755,3043200
1993-03-10,32.375,33.5,32,32.75,4.3418,2314800
1993-03-11,33.25,33.25,31.75,32.125,4.2589,3934000
1993-03-12,32,33,31.25,32.25,4.2755,2616400
1993-03-15,32.25,33.25,32,33,4.3749,752000
1993-03-16,33,33,31.75,32.5,4.3086,1122400
1993-03-17,32.5,32.5,31.25,31.75,4.2092,2546000
1993-03-18,31.25,32.25,31.25,31.625,4.1926,1726400
1993-03-19,31.75,32.25,31.25,31.75,4.2092,1697200
1993-03-22,31.75,32,31.5,31.625,4.1926,2138400
1993-03-23,31.5,32.25,31.5,32,4.2424,1343600
1993-03-24,32,32.5,31.5,32,4.2424,1255200
1993-03-25,31.5,33,31.5,32.5,4.3086,1195200
1993-03-26,33,33,31.5,31.625,4.1926,1901200
1993-03-29,31.5,32.5,31.25,32.25,4.2755,523200
1993-03-30,32.25,32.5,31,31.375,4.1595,1883600
1993-03-31,31.25,33,31.25,32.75,4.3418,2321600
1993-04-01,32.25,33,31.25,31.75,4.2092,1096400
1993-04-02,31.25,31.5,29.75,29.75,3.9441,3102000
1993-04-05,30.5,30.5,29.75,30.5,4.0435,2732400
1993-04-06,30.5,30.5,30,30.125,3.9938,2592800
1993-04-07,29.75,30,29,29.625,3.9275,6268000
1993-04-08,29.75,30.5,29.5,30.25,4.0104,3289600
1993-04-12,29.75,30.5,29.75,30.25,4.0104,1325600
1993-04-13,30.25,31,29.75,30.625,4.0601,2178400
1993-04-14,30,30.5,29.375,29.75,3.9441,4699600
1993-04-15,29.75,29.75,29,29,3.8446,2150800
1993-04-16,29.5,29.5,28.5,28.5,3.7784,2019600
1993-04-19,29,30.25,28.5,30,3.9772,2132800
1993-04-20,30.25,30.25,29.625,30,3.9772,2019600
1993-04-21,28.5,29.5,28.25,29.25,3.8778,3642800
1993-04-22,29.25,30,28.75,29.125,3.8612,1364000
1993-04-23,29,29.25,28.25,28.625,3.7949,1270800
1993-04-26,28.25,28.75,28.25,28.5,3.7784,1492800
1993-04-27,28.5,29,27.75,28.875,3.8281,1012800
1993-04-28,28.75,29.75,28.75,29.75,3.9441,1045200
1993-04-29,29.75,30,29,29.5,3.9109,1206800
1993-04-30,29.25,29.75,28,28,3.7121,2909200
1993-05-03,28.25,29.5,27.75,29.25,3.8778,3736000
1993-05-04,29,29.75,29,29.5,3.9109,1139200
1993-05-05,29.75,31,28.75,31,4.1098,1712400
1993-05-06,31,32.25,30.75,31.5,4.1761,4284800
1993-05-07,31.5,32,31,31.25,4.1429,1895200
1993-05-10,31.25,31.5,29.75,30.5,4.0435,3004000
1993-05-11,30,31,29.5,30,3.9772,3210400
1993-05-12,27.75,28.75,27.25,28.75,3.8115,6233200
1993-05-13,28.75,28.75,27.5,27.75,3.6789,6864400
1993-05-14,27.75,28,27.25,27.875,3.6955,3366000
1993-05-17,27.75,28,27.75,27.75,3.6789,1287200
1993-05-18,28,28.5,27.75,28.5,3.7784,2699200
1993-05-19,28.5,30.25,28,30.25,4.0104,2454000
1993-05-20,30.25,30.25,29.25,30,3.9772,3967600
1993-05-21,30,31,29.75,30.25,4.0104,3688800
1993-05-24,30.25,30.25,29.5,29.5,3.9212,3265600
1993-05-25,29.25,29.75,29.25,29.5,3.9212,1962800
1993-05-26,29.25,30.5,29.25,30.125,4.0043,3100400
1993-05-27,30.75,31,30,30.375,4.0375,2856000
1993-05-28,30.5,30.5,29.75,30,3.9877,1107200
1993-06-01,30,30.25,29.5,29.5,3.9212,1429600
1993-06-02,29.5,30,29,29.5,3.9212,1647600
1993-06-03,29.5,30,28.75,29.25,3.888,1763200
1993-06-04,29.25,29.25,28.75,28.75,3.8215,633200
1993-06-07,29.25,29.25,28,29,3.8547,2390400
1993-06-08,28.75,29.25,28.25,29,3.8547,1727200
1993-06-09,29,29.25,28.25,28.75,3.8215,3196000
1993-06-10,28.625,28.875,28.5,28.5,3.7883,1538000
1993-06-11,28.5,29.25,28.5,29.25,3.888,1225600
1993-06-14,29.25,30,29,29.25,3.888,1004000
1993-06-15,30,30,29,29.5,3.9212,1559600
1993-06-16,29.25,29.75,28.75,29,3.8547,1085200
1993-06-17,29,29,28,28.25,3.755,1712000
1993-06-18,28,28.5,27,27.25,3.6221,2660400
1993-06-21,27.25,27.5,26.75,27,3.5889,1236000
1993-06-22,26.75,27,25.75,26.25,3.4892,2615600
1993-06-23,26.5,26.5,25.25,25.5,3.3895,3379200
1993-06-24,25.75,26.25,25.25,25.75,3.4227,2092400
1993-06-25,26.25,26.75,25.75,26.5,3.5224,1022400
1993-06-28,26.5,28.5,26.5,28.375,3.7717,1822000
1993-06-29,28.75,29,27.75,28.5,3.7883,2790400
1993-06-30,28.625,28.75,27.25,28,3.7218,1177600
1993-07-01,28,28,26.75,27,3.5889,1027200
1993-07-02,27.25,27.25,26.25,26.25,3.4892,599200
1993-07-06,26,26.25,25.5,26.25,3.4892,915600
1993-07-07,25.75,26.25,25.75,26,3.456,701600
1993-07-08,26.25,26.75,26,26.75,3.5557,834800
1993-07-09,26.75,26.75,26,26.75,3.5557,713600
1993-07-12,26.75,27.5,26.25,27.25,3.6221,1350000
1993-07-13,27.5,27.75,27,27.75,3.6886,442400
1993-07-14,28,28.25,27.5,28.25,3.755,789200
1993-07-15,27.75,28.25,27.25,27.75,3.6886,1058000
1993-07-16,27.5,27.75,27,27.5,3.6553,378000
1993-07-19,27.25,27.5,26,26.5,3.5224,1001200
1993-07-20,26.25,27,25.75,27,3.5889,1100800
1993-07-21,26.5,27,26.5,27,3.5889,1170400
1993-07-22,26.5,27.25,26,26.75,3.5557,1821200
1993-07-23,26.75,27,26.5,27,3.5889,694800
1993-07-26,27,27.5,26.5,27.25,3.6221,1704000
1993-07-27,27,27.5,26.75,27.25,3.6221,829200
1993-07-28,27.25,27.25,26.75,26.75,3.5557,769200
1993-07-29,27,27.75,27,27.5,3.6553,982800
1993-07-30,27.5,27.5,27,27.5,3.6553,422000
1993-08-02,27,27.5,26.75,27,3.5889,722400
1993-08-03,27,27.5,26.5,27,3.5889,1064000
1993-08-04,26.75,27,26.25,26.625,3.539,1195600
1993-08-05,26.25,27,26.25,27,3.5889,1728400
1993-08-06,27.25,28.625,26.75,28.375,3.7717,1043200
1993-08-09,28,29,28,28.25,3.755,847600
1993-08-10,28.25,28.75,27.75,27.75,3.6886,786800
1993-08-11,30.5,30.75,29.5,29.625,3.9378,7874800
1993-08-12,30.25,30.5,29.75,30,3.9877,2786400
1993-08-13,30,31,30,30.875,4.104,2695200
1993-08-16,31,32.5,30.5,32.125,4.2701,2728400
1993-08-17,31.75,32,31,31.75,4.2203,1954400
1993-08-18,31.5,32,31.5,32,4.2535,1066800
1993-08-19,32,32,30.75,31.5,4.187,942000
1993-08-20,31.75,33,31.5,32.5,4.32,4359600
1993-08-23,32.25,32.5,32,32.125,4.2701,835600
1993-08-24,32.25,32.5,32,32.5,4.32,824000
1993-08-25,32.5,32.5,31.25,31.5,4.1973,1080000
1993-08-26,31.5,31.5,30.5,31.125,4.1473,708400
1993-08-27,31,31.5,29.75,30.5,4.064,1364800
1993-08-30,30.25,31.5,30.25,31.25,4.164,1116800
1993-08-31,31.75,32,31,31.75,4.2306,1375600
1993-09-01,31.75,32.25,31,31.5,4.1973,1260400
1993-09-02,31,31.5,30,30,3.9974,1216000
1993-09-03,30.5,30.625,30,30,3.9974,838400
1993-09-07,30,30.5,29.5,29.75,3.9641,1117200
1993-09-08,29.5,30.25,29,29.375,3.9141,1168000
1993-09-09,29.5,29.75,28.25,28.625,3.8142,1471200
1993-09-10,28.25,29.75,28.25,29.75,3.9641,3047200
1993-09-13,29.75,30,29.5,29.625,3.9474,1011200
1993-09-14,29.5,30.25,29.25,30.25,4.0307,1558800
1993-09-15,30.25,30.25,29.25,30,3.9974,1240400
1993-09-16,30.25,30.25,29.5,29.75,3.9641,771600
1993-09-17,29.75,30,29.5,29.75,3.9641,1699200
1993-09-20,29.75,31,29.75,30.25,4.0307,1026400
1993-09-21,30.25,30.5,29.75,29.75,3.9641,968000
1993-09-22,30,30.25,29.5,30,3.9974,645600
1993-09-23,30.25,31,30,30.25,4.0307,1018800
1993-09-24,30.25,30.5,29.75,30.5,4.064,775200
1993-09-27,30,30.75,30,30.25,4.0307,878000
1993-09-28,29.25,30,29,29.75,3.9641,2551200
1993-09-29,29.5,30.75,29.5,30.5,4.064,1478800
1993-09-30,30.75,31,30,30.75,4.0973,1347200
1993-10-01,30.75,30.75,30,30.25,4.0307,838400
1993-10-04,30.5,31.25,30.5,30.875,4.114,497200
1993-10-05,31,31.25,30.5,30.75,4.0973,2244000
1993-10-06,30.75,31.25,30.5,31,4.1306,540000
1993-10-07,31,31,30.25,31,4.1306,991200
1993-10-08,30.75,31.5,30.75,31.25,4.164,900400
1993-10-11,31.25,31.75,31,31.25,4.164,1088000
1993-10-12,31,31.75,30.75,31.25,4.164,994400
1993-10-13,31.25,31.75,31.25,31.25,4.164,536400
1993-10-14,31.5,32,31,31.875,4.2472,1102000
1993-10-15,32.25,33.5,32,32.75,4.3638,1945200
1993-10-18,32.5,33.25,32.25,32.75,4.3638,1212000
1993-10-19,32.75,34.25,32.5,32.625,4.3472,1950800
1993-10-20,32.5,32.75,31.5,32,4.2639,916800
1993-10-21,31.75,33.75,31.75,33.25,4.4304,1434800
1993-10-22,33.5,35,32.5,34.125,4.547,3362800
1993-10-25,33.75,34.75,33.75,34.625,4.6137,1064000
1993-10-26,34.5,34.75,32.75,33.125,4.4138,1193600
1993-10-27,33,34.25,33,33.75,4.4971,814000
1993-10-28,33.75,35.25,33.75,34.625,4.6137,1175200
1993-10-29,34.75,35.75,34.75,34.75,4.6303,2148800
1993-11-01,34.75,35.75,34.75,35.5,4.7302,971600
1993-11-02,35.5,35.75,34.75,35.25,4.6969,1629600
1993-11-03,35.25,35.5,34.75,34.75,4.6303,1563200
1993-11-04,34.75,35.25,33.25,33.25,4.4304,3070400
1993-11-05,33.25,34.125,32.75,34,4.5304,1159200
1993-11-08,34.25,34.25,33.5,34,4.5304,620400
1993-11-09,34,35.5,34,34.75,4.6303,1798000
1993-11-10,35,36.25,34.75,36.25,4.8302,2292400
1993-11-11,36,36.5,35.25,35.25,4.6969,2577600
1993-11-12,35.25,36,35,35.375,4.7136,3464800
1993-11-15,35.25,36,35.25,35.5,4.7302,1617200
1993-11-16,35.75,36.25,35.75,36,4.7969,2623200
1993-11-17,36,36.5,35.5,35.5,4.7302,2663600
1993-11-18,35.75,36,34.75,35.125,4.6803,1493600
1993-11-19,34.75,35,33.5,34.5,4.597,2278800
1993-11-22,34.25,35,34.125,34.25,4.5637,1540000
1993-11-23,34.5,35,34,35,4.6744,1726800
1993-11-24,35,35.5,34.75,35.25,4.7078,2021200
1993-11-26,35,35.5,35,35,4.6744,418800
1993-11-29,35.25,36.25,35.25,35.625,4.7579,2813200
1993-11-30,35.75,35.75,35,35.25,4.7078,2263600
1993-12-01,35,35.5,34.5,34.5,4.6077,1559200
1993-12-02,34.25,34.5,33.5,34.5,4.6077,2038400
1993-12-03,34.5,35,34.25,34.5,4.6077,1971600
1993-12-06,34.5,35.75,34.5,35.5,4.7412,2790000
1993-12-07,35.25,35.75,34.75,35.5,4.7412,4158400
1993-12-08,35.25,35.25,34.75,34.875,4.6577,898000
1993-12-09,35.25,35.25,34.25,34.75,4.641,2278800
1993-12-10,34.25,34.75,34,34.5,4.6077,1071200
1993-12-13,34.25,34.5,32.875,33,4.4073,2576000
1993-12-14,33,33.5,32.75,33,4.4073,2146000
1993-12-15,33.25,33.25,32.75,33.25,4.4407,315600
1993-12-16,33,33.75,33,33.25,4.4407,1040000
1993-12-17,33,34.5,33,34.5,4.6077,1867200
1993-12-20,34.5,34.5,33.25,33.25,4.4407,2530800
1993-12-21,33.25,33.25,31.25,31.75,4.2404,2498800
1993-12-22,32,32.25,31,31.75,4.2404,1739200
1993-12-23,31.75,33,31.75,32.5,4.3405,672400
1993-12-27,33,34,32.5,33.75,4.5075,984000
1993-12-28,33.5,33.75,32.5,32.75,4.3739,1294400
1993-12-29,33.25,33.25,32.75,33.125,4.424,694800
1993-12-30,32.75,33.25,32.5,33,4.4073,596800
1993-12-31,32.5,33.25,32.5,33,4.4073,1439600
1994-01-03,33,33.5,31.5,32,4.2738,1796400
1994-01-04,31.875,33.25,31.75,33.125,4.424,3483600
1994-01-05,33,33.25,32.75,32.875,4.3906,3847600
1994-01-06,32.75,33,32.25,32.25,4.3072,1386400
1994-01-07,32.25,32.75,32,32.75,4.3739,571200
1994-01-10,32.5,32.75,32,32.25,4.3072,1555600
1994-01-11,32,32.5,31.5,32,4.2738,1416800
1994-01-12,32,32,31,32,4.2738,755600
1994-01-13,31.75,34,31.75,34,4.5409,4436800
1994-01-14,34,35.5,33.5,35.25,4.7078,5768000
1994-01-17,35,35.5,34.5,34.75,4.641,3454000
1994-01-18,35.25,36,34.5,34.625,4.6244,5092000
1994-01-19,34.25,34.5,33,33.25,4.4407,2698400
1994-01-20,33,34,33,34,4.5409,2180800
1994-01-21,34.25,34.5,32.75,33,4.4073,1381200
1994-01-24,32.75,33.25,32.5,32.75,4.3739,1453600
1994-01-25,32.5,32.75,32,32.375,4.3239,1493200
1994-01-26,32.5,33.5,31.375,33.125,4.424,4606400
1994-01-27,32.75,33.75,32.25,33.5,4.4741,1911200
1994-01-28,33.5,34.5,33.5,34.375,4.591,2116000
1994-01-31,34.25,35.25,34.25,35,4.6744,1704800
1994-02-01,35,35.5,34.25,34.75,4.641,913600
1994-02-02,34.25,35,34.25,34.75,4.641,1394400
1994-02-03,34.5,34.625,34.25,34.25,4.5743,4859200
1994-02-04,34.25,35,34,34.5,4.6077,2998000
1994-02-07,34.5,35.25,34.25,35,4.6744,1207600
1994-02-08,34.75,35.25,34,34,4.5409,2278400
1994-02-09,34,34.75,34,34.125,4.5576,1012800
1994-02-10,34,34.75,34,34.25,4.5743,893200
1994-02-11,34.25,34.75,34,34.125,4.5576,577600
1994-02-14,34,34.5,34,34.25,4.5743,704000
1994-02-15,34.25,34.75,34.25,34.25,4.5743,656800
1994-02-16,34.25,35,34.25,34.875,4.6577,577200
1994-02-17,35.75,37.25,35.5,36.875,4.9248,4410000
1994-02-18,36.75,37.75,36,36.5,4.8748,3210800
1994-02-22,36,37,35.75,36.875,4.9277,2352800
1994-02-23,39,40,38.5,39.75,5.3119,4457200
1994-02-24,39.25,40.5,39,40.5,5.4121,5412400
1994-02-25,40,40.75,38.75,39,5.2117,3902000
1994-02-28,39.25,39.75,38.25,39,5.2117,2296400
1994-03-01,39,39,38.25,38.75,5.1782,1181200
1994-03-02,38.25,40.75,38,40.5,5.4121,3541200
1994-03-03,40.25,40.75,39.5,40.125,5.362,2053600
1994-03-04,39.75,40.5,39.25,39.5,5.2785,1646000
1994-03-07,39.25,39.75,38.75,39,5.2117,1363200
1994-03-08,39.25,39.75,38.75,39.25,5.2451,674400
1994-03-09,38.75,40,38.75,39.625,5.2952,1140000
1994-03-10,39.5,40,38.5,38.875,5.1949,1329600
1994-03-11,39,40.25,38.5,40.25,5.3787,1911600
1994-03-14,39.75,40.25,39.75,40,5.3453,601200
1994-03-15,39.75,40.25,39.25,40,5.3453,1613200
1994-03-16,40.25,40.75,39.75,40.5,5.4121,2470400
1994-03-17,40.5,40.75,40.25,40.25,5.3787,806800
1994-03-18,40.25,40.625,39.75,40.25,5.3787,1732400
1994-03-21,40,40.25,39.75,40.25,5.3787,1077600
1994-03-22,40.25,41.25,40.25,41.25,5.5123,2556000
1994-03-23,41.75,43.25,41.75,42.5,5.6794,3473600
1994-03-24,42,44.5,42,44.25,5.9132,4298800
1994-03-25,43.5,44.25,42.75,43.125,5.7629,6418400
1994-03-28,43,43.25,42,42.125,5.6293,3363600
1994-03-29,42,42.25,40.25,40.25,5.3787,2317200
1994-03-30,40.25,40.5,39.25,40,5.3453,1892000
1994-03-31,39.75,40.5,38.5,39.75,5.3119,2642400
1994-04-04,38.5,40.5,38,39.75,5.3119,2080400
1994-04-05,40.5,42.5,40,42.125,5.6293,4078000
1994-04-06,42,42.75,41.75,42.5,5.6794,2476800
1994-04-07,42.5,44.25,42.25,44.25,5.9132,3292800
1994-04-08,43.75,44.5,43.5,43.875,5.8631,2629600
1994-04-11,43.75,44,42.75,42.75,5.7128,1175200
1994-04-12,42.75,43,41.5,41.75,5.5791,1346400
1994-04-13,41.5,42,39.75,40.25,5.3787,2424800
1994-04-14,39.5,40.75,39.25,40.5,5.4121,1534400
1994-04-15,40.5,41.25,40.25,40.75,5.4455,1802800
1994-04-18,40.5,40.625,39,39,5.2117,960400
1994-04-19,39,39,37.5,37.75,5.0446,1879600
1994-04-20,38,38.25,37.25,37.25,4.9778,2054400
1994-04-21,37.5,38.5,37.5,38.375,5.1281,3458800
1994-04-22,38.25,39.25,38.25,38.75,5.1782,1170800
1994-04-25,39.25,40.25,38.75,40.25,5.3787,752000
1994-04-26,40,41,39.75,41,5.4789,1895200
1994-04-28,40.75,41.75,40.75,41.3126,5.5207,2254000
1994-04-29,41.25,44,41.25,43.75,5.8464,3216000
1994-05-02,43.5,44,42.75,43.25,5.7796,2407200
1994-05-03,42.75,43.25,41.5,41.875,5.5958,2201600
1994-05-04,41.75,42.25,41.5,41.75,5.5791,2174400
1994-05-05,41.75,42.25,41.75,41.75,5.5791,973200
1994-05-06,41.75,41.75,41.25,41.625,5.5624,2061200
1994-05-09,41.25,41.75,41.25,41.375,5.529,1848000
1994-05-10,41.75,43,41.75,43,5.7462,5721600
1994-05-11,44.5,44.75,43.5,44,5.8798,6230400
1994-05-12,44.5,45.5,44.5,45.25,6.0469,6800000
1994-05-13,45.5,45.75,42.5,43,5.7462,6193200
1994-05-16,42.5,44.25,42.5,43.5,5.813,3332400
1994-05-17,43,44.25,43,43.875,5.8631,1573200
1994-05-18,44,44.25,43.25,43.75,5.8464,2836400
1994-05-19,43.25,43.75,43,43,5.7462,1756800
1994-05-20,43,43.75,43,43.25,5.7796,1179200
1994-05-23,43.25,44.25,43.25,43.75,5.8464,1867200
1994-05-24,44.25,44.25,43.5,43.875,5.8756,2290800
1994-05-25,43.75,45,43.5,44.75,5.9928,1633600
1994-05-26,44.5,45,44,44.75,5.9928,1198400
1994-05-27,44.25,44.5,43.75,43.75,5.8589,782400
1994-05-31,43.75,45,43.75,44.125,5.9091,1291200
1994-06-01,43.75,44,43,43,5.7584,2234400
1994-06-02,43.5,43.75,42.75,43.75,5.8589,1816800
1994-06-03,43.25,44.25,43.25,44,5.8924,2327600
1994-06-06,44.25,44.25,42.5,42.75,5.725,2482400
1994-06-07,42.5,42.5,41,41.5,5.5576,3083200
1994-06-08,41.25,41.75,40.5,41,5.4906,1071200
1994-06-09,41.25,41.75,40.75,41.75,5.5911,855600
1994-06-10,42,42.75,41.75,42.75,5.725,1794400
1994-06-13,42.75,43,42.25,42.5,5.6915,1870000
1994-06-14,42.75,44,42.75,43.875,5.8756,1734800
1994-06-15,44,44.5,43.25,43.75,5.8589,1745600
1994-06-16,43.5,44.25,43,44.125,5.9091,2180400
1994-06-17,43.75,44.5,43.75,43.75,5.8589,1782400
1994-06-20,43.5,43.75,42.75,43,5.7584,1109600
1994-06-21,43,43.75,42.5,43.625,5.8421,1953200
1994-06-22,43.75,45.25,43.75,45.125,6.043,2673200
1994-06-23,44.75,45.25,43.5,43.5,5.8254,1917600
1994-06-24,43.25,44.5,43,43.75,5.8589,2690000
1994-06-27,43.75,44.5,43.5,43.5,5.8254,1184800
1994-06-28,43.5,44,43,43,5.7584,2068400
1994-06-29,43,43.5,42.625,42.75,5.725,1413200
1994-06-30,42.75,43,42.5,42.5,5.6915,856400
1994-07-01,42.5,43.75,42.5,43.125,5.7752,1326400
1994-07-05,43,44,43,43.9376,5.884,1724800
1994-07-06,43.5,44.25,43.25,44,5.8924,2509600
1994-07-07,44.25,45,44.25,45,6.0263,858800
1994-07-08,45,45.25,44.5,44.625,5.9761,2899200
1994-07-11,44.75,45.25,43.5,43.875,5.8756,2670800
1994-07-12,43.75,44.875,43.75,44.875,6.0095,3738400
1994-07-13,44.5,45.25,44.5,44.8126,6.0012,1603200
1994-07-14,44.75,45,43.25,43.5,5.8254,3293200
1994-07-15,43.75,43.75,43,43.5,5.8254,1140400
1994-07-18,43,43.75,43,43.25,5.7919,941600
1994-07-19,43.25,43.75,42.5,42.625,5.7082,3397200
1994-07-20,42,42.25,41,41.5,5.5576,5535600
1994-07-21,41.5,41.75,40.75,41.75,5.5911,3392000
1994-07-22,42,43.5,41.75,43,5.7584,2480400
1994-07-25,42.75,43,42.25,42.5,5.6915,1761200
1994-07-26,42.25,42.5,41.5,41.625,5.5743,1844400
1994-07-27,41.5,41.75,38.75,39,5.2228,2966800
1994-07-28,40,42,39.75,42,5.6245,4107600
1994-07-29,42,44.25,41.75,43.75,5.8589,2742400
1994-08-01,43.75,44.25,42.75,43.125,5.7752,730400
1994-08-02,42.75,43.25,41.75,41.875,5.6078,884400
1994-08-03,42,43,41.75,42.625,5.7082,2346800
1994-08-04,42.5,43,41.5,41.75,5.5911,750400
1994-08-05,41.75,42.5,41.5,42.25,5.658,1254400
1994-08-08,42.25,44,42,43.5626,5.8338,2003200
1994-08-09,43.5,44.5,43,43.875,5.8756,3935600
1994-08-10,44.5,45,43.5,43.5,5.8254,4462000
1994-08-11,43.5,44.75,43.5,44.25,5.9258,2489200
1994-08-12,44.25,45.25,44,44.75,5.9928,1917600
1994-08-15,44.75,45.75,44.75,45.5,6.0932,1562000
1994-08-16,45.5,46.25,45.25,45.625,6.11,3878800
1994-08-17,45.25,46,45.25,45.75,6.1267,1866400
1994-08-18,45.75,45.75,44.75,45.5,6.0932,2162400
1994-08-19,45.5,45.5,45,45,6.0263,1042400
1994-08-22,45.5,45.5,44.5,44.875,6.0095,972400
1994-08-23,45,46.25,44.5,45.5,6.0932,1674000
1994-08-24,45.5,46.625,45.5,46.5,6.2272,2287600
1994-08-25,46.25,46.5,45.375,45.625,6.1223,2689200
1994-08-26,46,47,45.5,46.5,6.2397,1728000
1994-08-29,46.25,46.5,45.75,46.25,6.2061,1786800
1994-08-30,45.75,46.75,45.75,46.625,6.2564,551200
1994-08-31,46.25,47.5,46.25,47,6.3068,1100400
1994-09-01,46.75,47,46.25,46.25,6.2061,1432000
1994-09-02,46.25,46.75,45.75,45.75,6.139,549200
1994-09-06,45.75,47,45.75,46.75,6.2732,1584000
1994-09-07,46.5,46.75,45.75,46.75,6.2732,1674800
1994-09-08,46.5,48,46.5,47.25,6.3403,2033600
1994-09-09,46.5,46.75,45.5,46.25,6.2061,1318000
1994-09-12,45.75,46.75,45.5,45.75,6.139,1763200
1994-09-13,46,46.5,44.75,44.75,6.0048,1882800
1994-09-14,45.25,45.5,44.75,45,6.0384,1752400
1994-09-15,44.5,45.75,44.5,45.625,6.1223,1446400
1994-09-16,45.5,45.625,44.75,45.25,6.0719,936800
1994-09-19,44.75,45.25,44.75,45.25,6.0719,936400
1994-09-20,44.75,44.75,42.75,42.75,5.7365,1510000
1994-09-21,42,42.25,38.75,39.8126,5.3423,9118400
1994-09-22,40,40,38,39.25,5.2668,4323200
1994-09-23,39.25,39.75,38.75,38.875,5.2165,2953200
1994-09-26,39.25,39.25,37.5,38,5.0991,3813600
1994-09-27,38,38,37,37.25,4.9984,4946400
1994-09-28,38,38.25,37.5,37.875,5.0823,3221600
1994-09-29,38.25,39,37.75,38.75,5.1997,2713600
1994-09-30,40,40.5,39.5,40,5.3675,2689600
1994-10-03,40,40.5,39.25,39.625,5.3171,2736400
1994-10-04,40,40.5,39.25,39.25,5.2668,2595600
1994-10-05,39.75,40.5,39,40.25,5.401,3400000
1994-10-06,40.5,41.375,39.75,41.125,5.5184,2802000
1994-10-07,41.75,44.25,41.75,44,5.9042,5158800
1994-10-10,44.25,44.25,42.5,43.75,5.8707,1695600
1994-10-11,43.75,44.25,43.25,44.25,5.9377,3177200
1994-10-12,44.25,44.75,43.5,44.5,5.9713,2274400
1994-10-13,44.5,45.5,44.5,44.75,6.0048,4497200
1994-10-14,44.75,45.5,44.5,45.25,6.0719,1746400
1994-10-17,45,47,45,46.5,6.2397,4153600
1994-10-18,47,47.25,46.5,46.75,6.2732,2590000
1994-10-19,47.25,47.25,46.5,47,6.3068,1809200
1994-10-20,46.75,47,44.75,45.5,6.1055,4187600
1994-10-21,45.25,45.5,44.75,45.1876,6.0635,1548000
1994-10-24,45,45.625,44.875,45.25,6.0719,1331600
1994-10-25,44.5,45.25,44.25,44.5,5.9713,1434000
1994-10-26,44.75,45.5,44.5,45.5,6.1055,1574800
1994-10-27,45.5,47.5,45.5,47.25,6.3403,4535600
1994-10-28,46.75,48.75,46.75,48.25,6.4745,3023600
1994-10-31,48,49.75,48,49.25,6.6087,2620400
1994-11-01,49.25,49.5,48.25,48.5,6.508,1857600
1994-11-02,48,48.75,48,48.25,6.4745,6628000
1994-11-03,48.75,49.25,48.25,48.625,6.5248,1885200
1994-11-04,48.75,49.25,48.5,48.75,6.5416,1276800
1994-11-07,48.125,49,47.75,48.125,6.4577,3390400
1994-11-08,48,48.5,48,48.125,6.4577,1533200
1994-11-09,48.5,48.75,48,48.25,6.4745,1849600
1994-11-10,47.75,48.25,46.5,46.5,6.2397,4497600
1994-11-11,46.5,47.5,46.25,47.5,6.3739,2763600
1994-11-14,47.25,49,47,48.25,6.4745,3299600
1994-11-15,48.75,49.25,48.25,48.25,6.4745,4306800
1994-11-16,48.5,48.5,47.25,48.25,6.4745,1861600
1994-11-17,47.75,48.25,47,47,6.3068,2297200
1994-11-18,47.25,47.25,46,46.5,6.2397,1433600
1994-11-21,46.5,47,45.75,45.75,6.139,1328400
1994-11-22,46,46,44.625,44.75,6.0048,1496000
1994-11-23,44.75,45.25,43.75,44.25,5.9501,1445200
1994-11-25,44.5,45.75,44.25,45.625,6.135,751200
1994-11-28,46,47,45.75,46.25,6.2191,1827200
1994-11-29,46.25,47.5,46.25,47.5,6.3872,1963600
1994-11-30,47.5,48.25,47.25,48.25,6.488,1346800
1994-12-01,47.75,48.25,46.25,46.375,6.2359,2612000
1994-12-02,46.5,46.5,44.75,45.5,6.1182,3393200
1994-12-05,45.25,45.75,44,44.25,5.9501,3318800
1994-12-06,44,44.5,44,44.5,5.9838,2085200
1994-12-07,44.5,44.5,43.75,43.875,5.8997,632000
1994-12-08,44.25,44.5,43,43.125,5.7989,1855600
1994-12-09,43.25,44,42.25,43.5,5.8493,1546400
1994-12-12,44,46.75,43.75,46.625,6.2695,2763200
1994-12-13,46.25,46.5,45.25,45.25,6.0846,2429200
1994-12-14,45.125,47.8126,45,47.75,6.4208,4404400
1994-12-15,47.75,49,46.125,46.75,6.2863,3426800
1994-12-16,46.75,47.25,46,47,6.3199,1735600
1994-12-19,47,47.25,46.5,46.75,6.2863,1555600
1994-12-20,46.75,47.5,46,46.125,6.2023,2178800
1994-12-21,46,46.5,44.25,44.5,5.9838,3682400
1994-12-22,44.5,44.75,42.75,44.25,5.9501,4826000
1994-12-23,44.25,44.75,44,44,5.9165,1111600
1994-12-27,43.25,43.25,40,40.25,5.4123,8470400
1994-12-28,41,41.5,40,40.25,5.4123,7399200
1994-12-29,40.75,42.125,40.5,41.75,5.614,3442400
1994-12-30,41.75,42.25,41.5,42,5.6476,673600
1995-01-03,42,42,39.75,40.75,5.4795,5022800
1995-01-04,40.75,42.25,40.75,42.125,5.6644,2690400
1995-01-05,42,43.25,42,42.25,5.6812,2190400
1995-01-06,42.5,43.25,42.25,42.875,5.7652,1222000
1995-01-09,43.25,43.25,42.25,42.375,5.698,1168000
1995-01-10,42.25,43.5,42.25,43,5.7821,1332800
1995-01-11,43,43.25,41.75,42.125,5.6644,2196800
1995-01-12,42.375,42.75,42,42.25,5.6812,1418800
1995-01-13,42.75,42.75,42,42.25,5.6812,1129200
1995-01-16,42.25,43,42.25,42.5,5.7148,702800
1995-01-17,43,43,42.25,42.625,5.7316,2226400
1995-01-18,42.75,43.125,42.25,42.75,5.7484,1183200
1995-01-19,42.75,43,42.25,42.375,5.698,1315600
1995-01-20,42.5,42.75,42.25,42.25,5.6812,862800
1995-01-23,42.25,42.75,42,42.5,5.7148,621200
1995-01-24,42.5,43.5,42.5,43.5,5.8493,1160000
1995-01-25,43.25,43.5,42.75,43.25,5.8157,767200
1995-01-26,43.25,43.25,42.5,42.5,5.7148,422800
1995-01-27,43,43,41.25,41.25,5.5467,1597200
1995-01-30,41.625,41.625,39.75,40.25,5.4123,2538000
1995-01-31,40.25,40.75,39.5,40.5,5.4459,2684400
1995-02-01,41,42.25,40.875,41.875,5.6308,1118800
1995-02-02,41.75,42.5,41.25,41.5,5.5804,1683200
1995-02-03,41.5,42.75,41.5,42.75,5.7484,780400
1995-02-06,42.75,43.25,41.75,42,5.6476,1206800
1995-02-07,41.75,42.5,41.75,42.5,5.7148,1251600
1995-02-08,42.25,43,42.25,43,5.7821,741600
1995-02-09,42.625,43.25,42.5,42.5,5.7148,814000
1995-02-10,42.5,43.25,42.5,43.25,5.8157,943200
1995-02-13,42.75,44.25,42.75,44,5.9165,1855600
1995-02-14,44,44.25,43.75,44,5.9165,858800
1995-02-15,44,45,44,44.75,6.0174,1656800
1995-02-16,44.75,44.75,44,44.5,5.9838,1514400
1995-02-17,44.5,44.75,44,44.25,5.9501,1455200
1995-02-21,44.75,45.25,44.25,45,6.051,1762000
1995-02-22,43.5,43.75,40.25,41.625,5.5972,18649600
1995-02-23,42,42.5,41.75,42.5,5.7148,6130000
1995-02-24,42.5,43.25,42,42.75,5.7484,2718800
1995-02-27,43,43.75,42.25,42.625,5.7473,2688400
1995-02-28,43,43,41.75,42.25,5.6968,1150400
1995-03-01,41.75,42.25,41.25,41.25,5.5619,1807200
1995-03-02,41.25,41.625,40.5,41,5.5282,2818800
1995-03-03,41,41,40.25,40.75,5.4945,1109600
1995-03-06,40.5,40.5,40,40,5.3934,645200
1995-03-07,40,40.25,39.5,39.5,5.326,2410000
1995-03-08,39.5,40,38,38.25,5.1574,4609600
1995-03-09,38.25,38.625,36.75,37,4.9889,4705200
1995-03-10,37.375,37.75,36.25,37.125,5.0057,6459200
1995-03-13,37,37.75,36.5,37.5,5.0563,4558800
1995-03-14,37.5,38,36.75,37.5,5.0563,5850800
1995-03-15,38.5,39.25,37.75,38.5,5.1911,7476800
1995-03-16,39,39.25,38.5,39.25,5.2923,3664400
1995-03-17,39.5,39.5,39,39.25,5.2923,3887600
1995-03-20,39.25,39.25,38.25,38.75,5.2248,952000
1995-03-21,38.75,39,38.5,38.5626,5.1996,1452800
1995-03-22,38.5,39.125,38.25,38.5,5.1911,2889200
1995-03-23,38.5,39.25,38.5,38.875,5.2417,1632800
1995-03-24,38.875,40.25,38.75,40.25,5.4271,2222000
1995-03-27,40.25,40.75,39.25,40,5.3934,2007200
1995-03-28,39.5,40.75,39.5,40.75,5.4945,2131600
1995-03-29,40.75,41,40.25,40.75,5.4945,4633600
1995-03-30,41,41,39.875,40.75,5.4945,2864000
1995-03-31,40.25,40.75,40,40.75,5.4945,2401600
1995-04-03,40.75,41,40,40.5,5.4608,2526400
1995-04-04,40.5,41.5,40.25,41,5.5282,3102800
1995-04-05,41,41.5,40.875,41.5,5.5956,4321600
1995-04-06,41.5,42,40.75,41.75,5.6294,2521200
1995-04-07,41.75,42,41.25,41.5,5.5956,2458400
1995-04-10,41.625,42,41,41.5,5.5956,1448400
1995-04-11,41.5,41.5,40.5,40.5626,5.4692,4262000
1995-04-12,40.5,40.75,39.75,40.5,5.4608,2680000
1995-04-13,40.5,41,40,40.75,5.4945,2670800
1995-04-17,41,41,40,40,5.3934,1608000
1995-04-18,40.5,40.5,40,40,5.3934,1956000
1995-04-19,40,40,38,39,5.2586,3336800
1995-04-20,38.5,39,38.125,38.3126,5.1659,2144800
1995-04-21,38.625,38.875,38.25,38.625,5.208,1292800
1995-04-24,38.75,39,37.5,37.6876,5.0816,2158800
1995-04-25,38,38.75,37,38.375,5.1743,3001200
1995-04-26,38.25,38.75,37.75,38.75,5.2248,1337600
1995-04-27,39,39.25,38.5,38.75,5.2248,3218800
1995-04-28,39,39,38,38.5,5.1911,2260400
1995-05-01,38.5,38.5,37,37.125,5.0057,2333200
1995-05-02,37.125,37.25,36.5,37.25,5.0226,1887200
1995-05-03,37,37,36.25,36.375,4.9046,4180800
1995-05-04,36.5,37.625,36,37.25,5.0226,2174400
1995-05-05,37.75,37.75,36.75,37.25,5.0226,1355600
1995-05-08,37.25,38.5,37.25,38.25,5.1574,1141200
1995-05-09,38.5,38.75,36.5,38.5626,5.1996,1710800
1995-05-10,36.25,37,35.75,36.125,4.8709,17038400
1995-05-11,36.25,36.5,35,36.25,4.8878,10388800
1995-05-12,36.5,37.75,36.5,36.875,4.972,8815200
1995-05-15,37.75,39.125,37.375,38.875,5.2417,4607600
1995-05-16,39,39,38.25,39,5.2586,2825600
1995-05-17,39,39.375,38.5,38.75,5.2248,3416000
1995-05-18,38.75,39.5,38.75,38.875,5.2417,2452800
1995-05-19,38.875,39.25,38.875,38.875,5.2417,1269600
1995-05-22,38.875,39.25,38.625,38.875,5.2417,1272400
1995-05-23,38.875,39.75,38.5,39.5,5.326,1426000
1995-05-24,39.5,39.75,39.25,39.625,5.3587,2135200
1995-05-25,39.25,39.75,39,39.75,5.3756,1132800
1995-05-26,39.75,39.75,39,39.5,5.3418,1236800
1995-05-30,39.5,39.75,39.125,39.75,5.3756,850400
1995-05-31,40,41.5,39.625,41.5,5.6122,4379200
1995-06-01,41.25,41.75,40.5,40.75,5.5108,1809200
1995-06-02,40.75,41.25,40.25,40.75,5.5108,1990400
1995-06-05,41.25,42.5,40.75,42.5,5.7475,3678400
1995-06-06,42.5,43.25,42.25,42.75,5.7813,3870000
1995-06-07,43.125,43.75,42.375,43,5.8151,2031200
1995-06-08,43,43.5,43,43.5,5.8827,984400
1995-06-09,43,43.25,42.5,43.25,5.8489,1406000
1995-06-12,43.25,43.75,43,43.75,5.9165,1998800
1995-06-13,43.75,43.75,42.875,43.25,5.8489,4090400
1995-06-14,43.25,43.25,42,42.25,5.7137,2317600
1995-06-15,42.25,42.75,41.375,41.375,5.5953,3691200
1995-06-16,41.5,41.625,40.75,41,5.5446,3553200
1995-06-19,40.75,41.25,40.25,40.75,5.5108,2550800
1995-06-20,40.75,40.75,39.75,40.5,5.477,3164400
1995-06-21,40.25,41.5,40,40.25,5.4432,3564400
1995-06-22,40.5,42,40,41.625,5.6291,2859200
1995-06-23,41.75,42,41.5,41.625,5.6291,1019600
1995-06-26,41.75,41.875,40.75,40.875,5.5277,1885600
1995-06-27,40.75,41.5,40.5,40.625,5.4939,1725600
1995-06-28,40.625,40.75,40,40.25,5.4432,2228000
1995-06-29,40.25,40.5,39.875,40,5.4094,2846000
1995-06-30,40.25,41.375,39.875,41.375,5.5953,2871600
1995-07-03,41.375,42.125,41,41.875,5.663,1109200
1995-07-05,42.25,43.5,41.875,43,5.8151,2890000
1995-07-06,43.25,43.5,42.625,42.625,5.7644,3172400
1995-07-07,42.5,43,42,42.25,5.7137,1596800
1995-07-10,42.25,42.5,41.625,41.75,5.646,773200
1995-07-11,41.875,41.875,40.5,40.875,5.5277,2302400
1995-07-12,41,41,39.875,39.875,5.3925,3559200
1995-07-13,40.125,40.75,39.875,40.75,5.5108,2264400
1995-07-14,40.75,42.25,40.5,42.125,5.6968,4323600
1995-07-17,42.625,44,42.5,43.75,5.9165,2986800
1995-07-18,43.75,44.25,43.375,43.875,5.9334,4878800
1995-07-19,43.75,43.75,41.75,42.5,5.7475,4191200
1995-07-20,43,44.75,42.5,44.5,6.0179,2345600
1995-07-21,44.125,44.5,42.875,42.875,5.7982,2675600
1995-07-24,42.75,43,41.5,41.5,5.6122,3284000
1995-07-25,41.75,41.75,40.75,41.375,5.5953,6533600
1995-07-26,41.375,41.375,40.625,40.75,5.5108,3562000
1995-07-27,40.75,40.75,39.875,40.125,5.4263,4796800
1995-07-28,40.25,40.5,40,40.375,5.4601,3526400
1995-07-31,40.5,40.75,40,40.25,5.4432,2005600
1995-08-01,40,40.5,39.75,40,5.4094,3978400
1995-08-02,39.875,40.625,39.75,39.9376,5.4009,2388000
1995-08-03,39.75,40.125,39.4844,40.125,5.4263,2390800
1995-08-04,40.125,40.625,39.75,40.25,5.4432,1397200
1995-08-07,40,40.5,39.625,39.75,5.3756,1534800
1995-08-08,39.625,40.4376,39.5,39.75,5.3756,1759200
1995-08-09,40,40.25,39.5,39.625,5.3587,1017600
1995-08-10,38.5,39.5,38.375,39.3126,5.3164,4973200
1995-08-11,39.75,40,39.25,39.875,5.3925,1668400
1995-08-14,39.875,40.5,39.75,40.5,5.477,698000
1995-08-15,40.5,40.75,40,40.75,5.5108,1026400
1995-08-16,40.5,42,40.5,41.5,5.6122,2375200
1995-08-17,41.25,41.5,40.75,41.25,5.5784,1592400
1995-08-18,41.125,41.625,41.125,41.375,5.5953,1224000
1995-08-21,41.75,41.75,41,41,5.5446,2874400
1995-08-22,41.5,41.5,40.5,40.75,5.5108,1574000
1995-08-23,40.5,40.875,40.5,40.875,5.5965,1154000
1995-08-24,40.5,40.875,40,40.5,5.5452,1998000
1995-08-25,40.25,40.375,40,40.125,5.4938,3193200
1995-08-28,40.375,40.375,39.875,39.9376,5.4681,5415200
1995-08-29,39.875,40.125,39.625,40.125,5.5099,932800
1995-08-30,40.125,41.625,40.125,41,5.6301,2120000
1995-08-31,41,41.25,40.75,41.25,5.6644,641600
1995-09-01,41.25,41.875,41,41.375,5.6816,1029200
1995-09-05,41.25,42.25,41.25,42.125,5.7846,1601200
1995-09-06,42,42.25,41.25,41.25,5.6644,661200
1995-09-07,41.5,41.5,40.75,41,5.6301,1222000
1995-09-08,41,41,39.875,40.125,5.5099,3180400
1995-09-11,40.5,40.5,40,40.125,5.5099,2073600
1995-09-12,40.25,40.375,39.375,39.5,5.4241,2787600
1995-09-13,39,40.5,38.75,40.25,5.5271,2806000
1995-09-14,40.125,41.25,40.125,40.625,5.5786,2185600
1995-09-15,41,41,40.25,40.375,5.5443,2234400
1995-09-18,40.5,40.5,40.125,40.5,5.5614,1374400
1995-09-19,40.375,41.5,40.375,41.5,5.6987,1810800
1995-09-20,41.375,42,41.375,41.5626,5.7073,1648800
1995-09-21,41.5,43,41.5,42.75,5.8704,3607200
1995-09-22,41.875,42.5,41.25,41.75,5.7331,2736800
1995-09-25,41.75,43,41.75,42.25,5.8017,2422800
1995-09-26,42.25,42.75,41.75,41.875,5.7502,2478800
1995-09-27,41.625,41.875,40.75,41.875,5.7502,2512000
1995-09-28,41.75,42.375,41.75,42.25,5.8017,1420800
1995-09-29,42.125,42.25,41.5,41.75,5.7331,1142400
1995-10-02,41.75,42,41.625,41.875,5.7502,458000
1995-10-03,41.75,41.75,40.5,41.125,5.6472,1391600
1995-10-04,40.75,41,39.75,40,5.4928,1607200
1995-10-05,40,41.125,39.75,41.125,5.6472,1562800
1995-10-06,41.125,41.75,41.125,41.5,5.6987,1461200
1995-10-09,41.375,41.5,40.5,40.875,5.6129,1141600
1995-10-10,40.5,40.75,40,40.5,5.5614,956800
1995-10-11,40,40.75,40,40.75,5.5957,1317200
1995-10-12,40.5,41,40.25,41,5.6301,1172800
1995-10-13,40.75,41.125,40,40,5.4928,1064800
1995-10-16,40,40.125,39.375,39.4376,5.4155,1495600
1995-10-17,39.625,39.625,39,39.25,5.3898,5217600
1995-10-18,39.25,39.25,38.5,38.5,5.2868,4506000
1995-10-19,38.5,38.75,38.125,38.25,5.2524,2999600
1995-10-20,38.375,38.375,36.875,37,5.0808,3722800
1995-10-23,36.875,37.5,36.625,37.25,5.1151,2348800
1995-10-24,37.25,38.75,37.125,38.5,5.2868,3610400
1995-10-25,38.5,38.5,37.5,37.5,5.1495,1812000
1995-10-26,37.5,37.875,36.625,37,5.0808,1889200
1995-10-27,37.125,37.375,36.75,37.375,5.1323,1879200
1995-10-30,37,37.5,37,37.125,5.098,1047600
1995-10-31,37.375,37.375,37,37.0626,5.0894,1046800
1995-11-01,37,38.25,37,38.25,5.2524,1523600
1995-11-02,38.25,40.25,37.75,39.5,5.4241,4170400
1995-11-03,39.5,39.5,38.875,39.25,5.3898,777600
1995-11-06,39.125,40.375,38.875,40.25,5.5271,1794400
1995-11-07,40,40.25,39.75,39.75,5.4584,1215600
1995-11-08,39.875,40.5,39.625,40.25,5.5271,2175200
1995-11-09,40.125,40.375,39.25,39.75,5.4584,1503600
1995-11-10,39.625,39.875,38.75,39,5.3554,4405200
1995-11-13,39,39.25,38.625,38.75,5.3211,1791600
1995-11-14,38.625,38.625,38,38,5.2181,1304400
1995-11-15,38.25,40.375,37.875,39.875,5.4756,2722800
1995-11-16,40.25,41.875,40.25,41.375,5.6816,2951200
1995-11-17,41.5,41.875,41,41.375,5.6816,1839600
1995-11-20,41.25,42,41.125,41.5,5.6987,1796000
1995-11-21,41.5,42.375,41.375,42.375,5.8189,3740800
1995-11-22,42.25,42.75,41.875,41.875,5.7502,2172000
1995-11-24,42.125,42.75,41.875,42.5,5.8361,813200
1995-11-27,42.375,42.625,41.25,41.375,5.6816,2372800
1995-11-28,41,41,40,40.375,5.6122,3902400
1995-11-29,40.25,40.375,39,39.5,5.5065,4042800
1995-11-30,39.5,40,39.25,39.25,5.4716,1868000
1995-12-01,39.25,39.5,38.375,38.375,5.3497,3457200
1995-12-04,38.5,39.25,38.25,38.875,5.4194,3060000
1995-12-05,39,39.625,38.75,39.25,5.4716,1940800
1995-12-06,39.375,40,39,39.75,5.5413,2281600
1995-12-07,39.625,41,39.625,40.75,5.6807,1775600
1995-12-08,40.75,41,40.375,40.875,5.6982,743600
1995-12-11,40.5,40.875,39.75,39.75,5.5413,847200
1995-12-12,39.75,40.375,39.625,40.125,5.5936,1951200
1995-12-13,40,40.5,40,40.5,5.6459,1904400
1995-12-14,40.5,41.5,39.875,40,5.5762,2822400
1995-12-15,40.125,41,40.125,40.875,5.6982,2579600
1995-12-18,40.5,40.75,40.125,40.5,5.6459,2841200
1995-12-19,39.875,40.75,39.5,40.5,5.6459,1998000
1995-12-20,40.5,41.125,40.25,40.25,5.611,1403600
1995-12-21,40.375,40.75,40,40.625,5.6633,939600
1995-12-22,40.75,41.375,40.5,41.25,5.7504,763200
1995-12-26,41.25,41.5,40.875,41.4376,5.7766,790800
1995-12-27,41.125,41.5,40.375,40.375,5.6285,807200
1995-12-28,40.375,40.5,40,40.125,5.5936,1751200
1995-12-29,40.125,40.5,40,40.5,5.6459,2376400
1996-01-02,40.25,41.125,40,41.125,5.733,1042800
1996-01-03,40.75,43.375,40.75,42.75,5.9596,4909600
1996-01-04,42.5,42.75,42,42.125,5.8724,3590800
1996-01-05,42.125,42.5,41.75,42,5.855,2769200
1996-01-08,41.75,42.125,41.75,42.125,5.8724,138400
1996-01-09,41.875,41.875,40.75,41.5,5.7853,2418800
1996-01-10,41.375,41.5,40.875,41.125,5.733,1407200
1996-01-11,40.875,41.5,40.5,41.5,5.7853,1680800
1996-01-12,41.25,42.375,41.25,42,5.855,2883200
1996-01-15,42,42.25,41.125,41.125,5.733,1532400
1996-01-16,41.125,41.375,40.875,41.375,5.7679,1203600
1996-01-17,41.5,41.5,40,40.125,5.5936,1175600
1996-01-18,40,40.125,39.625,39.75,5.5413,1130400
1996-01-19,40,40,38.875,39.125,5.4542,2291600
1996-01-22,39.125,39.125,38,38.5,5.3671,3165600
1996-01-23,38.25,39.5,38,39.5,5.5065,3768000
1996-01-24,39.375,39.75,38.75,39.25,5.4716,2669200
1996-01-25,38.75,39,38.5,38.5,5.3671,1064800
1996-01-26,38.5,38.75,38.5,38.75,5.4019,1226800
1996-01-29,38.5,39,38.5,38.8126,5.4106,560800
1996-01-30,38.625,39.5,38.625,38.8126,5.4106,1400000
1996-01-31,39,39.375,38,39.25,5.4716,4355200
1996-02-01,38.875,40.25,38.75,39.875,5.5588,2511200
1996-02-02,39.5,40,39.25,39.25,5.4716,1394400
1996-02-05,39,39.625,39,39.25,5.4716,1015600
1996-02-06,39,40.25,39,39.875,5.5588,2110000
1996-02-07,40,42.25,40,41.875,5.8376,3844400
1996-02-08,41.75,42.5,41.75,42,5.855,1539200
1996-02-09,42,42.875,42,42,5.855,2420800
1996-02-12,42.375,43,42,42.875,5.977,2002400
1996-02-13,42.625,43.375,42.25,43,5.9944,2449200
1996-02-14,43.125,43.125,42.125,42.375,5.9073,1770400
1996-02-15,42.125,42.875,42.125,42.5,5.9247,962800
1996-02-16,42.375,42.625,42,42.25,5.8898,1923600
1996-02-20,42.0626,42.25,41.25,41.875,5.8376,2040800
1996-02-21,41.875,41.875,40.625,40.75,5.6807,3020800
1996-02-22,41,42.5,40.875,42.5,5.9247,5145200
1996-02-23,42.25,43.75,42.25,43.375,6.0467,4262400
1996-02-26,43.375,43.75,42.125,42.5,5.9247,3754400
1996-02-27,42.625,43.5,42.25,43.5,6.0641,2625600
1996-02-28,43.625,44.75,43.375,44.25,6.1853,5024400
1996-02-29,44.125,45.1876,44.125,45.125,6.3076,3543200
1996-03-01,45,49.5,45,49.5,6.9191,11585600
1996-03-04,48.75,50.5,48.75,49.5626,6.9278,14792000
1996-03-05,48.75,49.125,47.875,48.75,6.8143,7838800
1996-03-06,48.625,49,48,48.75,6.8143,4025600
1996-03-07,48.75,48.875,47.375,48,6.7094,3424800
1996-03-08,47.25,47.625,45,46.875,6.5522,4433600
1996-03-11,47,49,46.75,48.75,6.8143,2791200
1996-03-12,48.5,49.25,48.375,49,6.8492,2989600
1996-03-13,49,49.375,48.625,49.375,6.9016,1849200
1996-03-14,49,50.25,49,49.5,6.9191,1526400
1996-03-15,49.625,49.75,48.5,49.375,6.9016,3315200
1996-03-18,49.25,49.625,48.25,48.5,6.7793,1332400
1996-03-19,48.25,49,48.25,48.75,6.8143,2228000
1996-03-20,48.625,48.875,48,48.5,6.7793,1453600
1996-03-21,48.5,49.25,48.25,48.5,6.7793,864800
1996-03-22,48.5,49.125,48.5,49.125,6.8667,900000
1996-03-25,49.25,49.75,48.5,48.5,6.7793,1988800
1996-03-26,48.5,48.5,45.5,45.875,6.4124,4216000
1996-03-27,45.875,47.375,45.875,47.375,6.6221,4054400
1996-03-28,47.25,48.5,46.875,48.25,6.7444,3213600
1996-03-29,48.25,48.625,47.75,48.4376,6.7706,3017600
1996-04-01,48.375,48.5,47.625,48,6.7094,1336000
1996-04-02,47.625,48,46.125,46.25,6.4648,1534000
1996-04-03,46.125,47.75,45.75,47.375,6.6221,2593200
1996-04-04,46.75,47,46.25,46.5,6.4998,1964400
1996-04-08,45.875,46.5,45.625,46.125,6.4474,2513200
1996-04-09,46.25,46.5,44.75,45,6.2901,1801600
1996-04-10,45,45,43.125,43.375,6.063,4605600
1996-04-11,43.5,44.875,42.625,44.5,6.2202,12418000
1996-04-12,44.625,47.125,44.125,47,6.5697,6410000
1996-04-15,47,48.125,47,47.875,6.692,3960800
1996-04-16,48,48.25,45.625,46,6.4299,3757600
1996-04-17,45.75,46.25,45.125,45.5,6.36,2822400
1996-04-18,45.5,45.625,44.5,45.25,6.325,4322400
1996-04-19,45.25,46,44.75,45.5,6.36,1592400
1996-04-22,45.75,46.125,45,45.125,6.3076,1638800
1996-04-23,45.125,46.375,45,46.25,6.4648,3962000
1996-04-24,46.5,46.625,45.75,46.5,6.4998,5242000
1996-04-25,46.5,47.75,46.125,47.625,6.657,2781200
1996-04-26,47.375,50.5,47.375,50.125,7.0065,6871200
1996-04-29,50.25,50.5,49.25,49.5,6.9191,3717200
1996-04-30,49.5,50.875,49.25,50.875,7.1113,6163200
1996-05-01,50.5,51.75,49.5,51.75,7.2336,3120000
1996-05-02,51.75,51.75,50,50.375,7.0414,2536000
1996-05-03,50.75,53.5,50.25,52.875,7.3909,6696400
1996-05-06,53,53,51.625,52.125,7.286,3452000
1996-05-07,52,52.125,51,51.125,7.1463,1439600
1996-05-08,51.125,51.125,48.875,49.625,6.9366,3560800
1996-05-09,49.5,50.625,49.375,50.125,7.0065,4774400
1996-05-10,50.375,52.25,50,52,7.2686,4650400
1996-05-13,51.75,52,50,51.625,7.2161,3304800
1996-05-14,51.5,51.75,50.875,51.375,7.1812,2728400
1996-05-15,51.125,52.75,51,52.125,7.286,3913200
1996-05-16,51.875,52.25,51.375,51.625,7.2161,1595200
1996-05-17,51.75,51.875,50.75,50.875,7.1113,1676000
1996-05-20,50.875,51.125,50.375,50.5,7.0589,1205600
1996-05-21,50.25,51.75,50,51.375,7.1812,1624800
1996-05-22,51.75,53,51.5,52,7.2686,4050400
1996-05-23,51.75,52,50.75,51,7.1288,1749600
1996-05-24,51.25,51.25,50.125,50.25,7.0239,1109600
1996-05-28,50.5,50.75,49.625,50.25,7.0239,2228400
1996-05-29,50.625,51.375,49.75,49.75,6.9703,1487600
1996-05-30,49.75,51.5,49.5,51.5,7.2154,1988400
1996-05-31,51.125,51.5,50.25,51,7.1454,2750800
1996-06-03,50.75,51.75,50.5,51.125,7.1629,1720000
1996-06-04,51.25,52.375,51.25,52,7.2855,1897200
1996-06-05,51.625,52.25,51.5,51.75,7.2505,987600
1996-06-06,51.875,51.875,50.75,50.75,7.1104,1114800
1996-06-07,50.25,50.25,49.5,50.25,7.0403,1315200
1996-06-10,50.25,51,49.625,50.75,7.1104,1229600
1996-06-11,50.75,51.25,50,50,7.0053,1550800
1996-06-12,50,50.375,48.75,48.75,6.8302,1164000
1996-06-13,49.125,49.5,48.375,49.4376,6.9265,2431200
1996-06-14,49.125,49.125,48,48,6.7251,1161600
1996-06-17,48.5,48.5,46.875,46.875,6.5675,2317600
1996-06-18,46.875,47,45.5,46.375,6.4974,3208000
1996-06-19,46.25,46.75,45.625,46,6.4449,1722800
1996-06-20,46.125,46.25,45.375,45.375,6.3573,1544000
1996-06-21,45.5,45.5,43.875,43.875,6.1471,3986000
1996-06-24,44.125,45,43.875,45,6.3048,2918400
1996-06-25,45.375,45.5,44,44.125,6.1822,1708400
1996-06-26,44.125,44.5,42.75,43.0626,6.0333,1786000
1996-06-27,43,45.5,43,45.1876,6.331,1706000
1996-06-28,45.75,45.75,44.1876,44.5,6.2347,1309600
1996-07-01,44.5,44.5,43.75,44,6.1646,788800
1996-07-02,43.75,44.75,43.25,43.25,6.0596,1156800
1996-07-03,43.375,44.5,43.25,43.875,6.1471,1787600
1996-07-05,43.75,44,42,42.375,5.937,994000
1996-07-08,42.375,43.75,42,42.625,5.972,2227200
1996-07-09,43.125,43.125,41.5,42.125,5.902,2450400
1996-07-10,41.75,43,41.625,42.375,5.937,3081200
1996-07-11,42.625,42.625,41.25,41.625,5.8319,3674000
1996-07-12,42,42,40,40.5,5.6743,3130800
1996-07-15,40.375,40.875,39.75,40.5,5.6743,1576400
1996-07-16,40.5,41.125,37.625,39.25,5.4991,4498400
1996-07-17,40,41.75,39.25,41,5.7443,3338800
1996-07-18,41.25,41.4376,40.625,41.25,5.7794,2153200
1996-07-19,41.125,41.75,40.625,40.75,5.7093,1232000
1996-07-22,41,41,39.5,40.125,5.6217,1164400
1996-07-23,40.25,40.75,39.625,40.0626,5.613,1607200
1996-07-24,39.625,40.75,39.25,40.75,5.7093,1340800
1996-07-25,40.75,41.625,40.5,41.5,5.8144,2231600
1996-07-26,41.625,42.75,41.5,42.5,5.9545,1292000
1996-07-29,42.375,44,42,42.875,6.007,2312400
1996-07-30,43.5,43.5,42,42.375,5.937,1914800
1996-07-31,42.125,42.5,41.375,41.5,5.8144,1142400
1996-08-01,41.125,41.75,40.125,41,5.7443,2891600
1996-08-02,41.375,41.5,39.25,40.125,5.6217,5991600
1996-08-05,40.25,42.5,40.25,42.375,5.937,3333200
1996-08-06,42.25,42.75,40.875,41.25,5.7794,2148800
1996-08-07,41.25,41.25,40,40.875,5.7268,1424400
1996-08-08,40.875,43.25,40.5,41.75,5.8494,3647600
1996-08-09,37,38.625,36.375,38.25,5.359,32562000
1996-08-12,38.5,38.875,37.625,38.125,5.3415,4769200
1996-08-13,38,38.125,37.375,37.375,5.2364,4438000
1996-08-14,37.375,38.25,37.375,37.625,5.2715,7908000
1996-08-15,37.875,37.875,36.875,37.25,5.2189,6423200
1996-08-16,37.5,38.125,37.375,38.0626,5.3328,5533200
1996-08-19,38,38.25,38,38.125,5.3415,3984400
1996-08-20,38.25,39.125,38,39,5.4641,4076000
1996-08-21,38.875,39.125,38.75,39.125,5.4816,3122000
1996-08-22,39.25,39.375,38.625,38.875,5.4466,2685600
1996-08-23,38.625,39,38.5,38.5,5.3941,2215600
1996-08-26,38.625,38.875,38.125,38.125,5.3415,4074400
1996-08-27,38.125,38.5,37.75,38.375,5.3766,2946800
1996-08-28,38.5,38.875,37.875,38.625,5.4281,1229600
1996-08-29,38.875,39.25,38.25,38.625,5.4281,2734800
1996-08-30,38.625,39.375,38.25,39,5.4808,1774000
1996-09-03,38.875,39.125,38.375,39.125,5.4984,2028800
1996-09-04,38.875,39.25,38.75,39.125,5.4984,1292000
1996-09-05,39,39,38.375,38.375,5.393,2032000
1996-09-06,38.375,38.75,38.375,38.5,5.4105,1746400
1996-09-09,38.625,39,38.375,38.75,5.4457,1028400
1996-09-10,38.75,38.75,38.125,38.4376,5.4018,1157600
1996-09-11,38.5,39.125,38.25,39,5.4808,1949600
1996-09-12,38.75,39.125,38.625,38.875,5.4632,794400
1996-09-13,38.75,39.875,38.75,39,5.4808,1710400
1996-09-16,38.75,39.125,38.625,38.75,5.4457,2408000
1996-09-17,39.125,39.125,38.625,38.875,5.4632,1122800
1996-09-18,39,39.375,38.75,39.375,5.5335,1543600
1996-09-19,39.25,39.25,38.25,38.625,5.4281,4666800
1996-09-20,38.875,39.125,38.625,39,5.4808,4195600
1996-09-23,38.75,39,38.75,38.75,5.4457,1985200
1996-09-24,38.75,39,38.625,38.75,5.4457,1830000
1996-09-25,38.875,38.875,38.25,38.375,5.393,2699600
1996-09-26,38.5,38.5,38,38,5.3403,1520400
1996-09-27,38,38.25,37.5,38.25,5.3754,1948000
1996-09-30,38.125,39,37.875,38,5.3403,1702800
1996-10-01,37.625,37.875,37,37.25,5.2349,5365600
1996-10-02,37.5,38.25,37.25,38.125,5.3578,3130400
1996-10-03,38,38.25,37.5,37.625,5.2876,1804400
1996-10-04,37.75,37.75,37,37.125,5.2173,2900400
1996-10-07,37.125,37.125,36.5,36.75,5.1646,3169600
1996-10-08,36.75,37.25,36.5,36.625,5.147,3064000
1996-10-09,36.75,36.75,35.375,35.5,4.9889,3810800
1996-10-10,35.625,36.5,35.375,36,5.0592,3096800
1996-10-11,36.375,38.375,36.125,38.375,5.393,2940400
1996-10-14,38.375,38.5,38,38.5,5.4105,2058000
1996-10-15,38.625,39,38.25,38.5,5.4105,2021200
1996-10-16,38.5,39,38.375,38.875,5.4632,1664800
1996-10-17,38.875,38.875,38.375,38.625,5.4281,1612400
1996-10-18,38.75,39.5,38.625,39,5.4808,3511600
1996-10-21,39.125,39.25,38.5,38.625,5.4281,1215200
1996-10-22,38.875,38.875,38.375,38.625,5.4281,1043600
1996-10-23,38.625,39,38.125,38.875,5.4632,1813600
1996-10-24,38.5,39.25,38.25,38.75,5.4457,1661200
1996-10-25,38.75,39,37.875,37.875,5.3227,781600
1996-10-28,37.875,38.5,37.875,37.875,5.3227,547600
1996-10-29,38.25,38.25,36.875,37,5.1997,1064800
1996-10-30,35.875,36.875,35.5,36.75,5.1646,3186000
1996-10-31,36.875,36.875,35.75,36.0626,5.068,4209200
1996-11-01,36.125,36.625,36.125,36.5,5.1295,4720400
1996-11-04,37.125,37.5,36.375,36.75,5.1646,3064400
1996-11-05,37,39,36.875,39,5.4808,4451600
1996-11-06,39,40.375,38.75,40.125,5.6389,3431200
1996-11-07,40,40.25,39.625,40.125,5.6389,1467200
1996-11-08,40.125,40.375,39.75,40.375,5.674,807200
1996-11-11,40.25,40.875,40,40.375,5.674,2060000
1996-11-12,40.375,43.25,40.375,42.625,5.9902,5014400
1996-11-13,42.625,42.75,41.375,41.375,5.8146,3046800
1996-11-14,41.75,42,41.25,41.5,5.8321,1735600
1996-11-15,42,42,41.25,41.375,5.8146,1246800
1996-11-18,41.5,41.5,40.75,41,5.7619,2338400
1996-11-19,41,41.125,40.875,41.125,5.7794,1433200
1996-11-20,41.125,42.75,41.125,42.125,5.92,2810400
1996-11-21,42.625,42.875,42,42.125,5.92,4314800
1996-11-22,42.375,43.5,42.25,43.375,6.0956,2274800
1996-11-25,43.375,44.5,42.625,42.75,6.078,4192000
1996-11-26,42.875,44.125,42.875,44,6.2728,2625600
1996-11-27,44,44.125,43.625,43.75,6.2372,1795200
1996-11-29,43.625,44,43.5,43.5,6.2016,367200
1996-12-02,43.625,43.875,43.125,43.375,6.1837,2521600
1996-12-03,43.5,45,43.25,44,6.2728,2433600
1996-12-04,44,44.375,43,43.625,6.2194,2588800
1996-12-05,43.5,43.75,43.125,43.375,6.1837,722400
1996-12-06,42.375,42.625,41.875,42.375,6.0412,1213200
1996-12-09,42.25,42.625,41.875,42.25,6.0233,860400
1996-12-10,42,42.25,41.5,41.5,5.9164,2956800
1996-12-11,41,41.125,40.75,40.75,5.8095,1621600
1996-12-12,40.875,41,40.125,40.125,5.7204,1416800
1996-12-13,40.25,40.375,39.625,39.625,5.6491,1254800
1996-12-16,39.625,40,39.25,39.875,5.6848,1846400
1996-12-17,39.25,39.75,39.25,39.625,5.6491,1328400
1996-12-18,39.5,39.75,39.125,39.125,5.5778,583600
1996-12-19,39.5,39.625,39,39.25,5.5957,723600
1996-12-20,39.75,39.75,39,39.125,5.5778,1846400
1996-12-23,39.125,39.75,38.75,38.875,5.5422,943200
1996-12-24,39.125,39.125,38.125,38.5,5.4887,882400
1996-12-26,38.125,38.5,37.5,38,5.4174,1482400
1996-12-27,38,38,37.5,37.5,5.3462,1106800
1996-12-30,34.375,36.5,34.25,36.375,5.1858,8240800
1996-12-31,36.375,36.375,35.375,35.4376,5.0521,3675600
1997-01-02,35.5,36,35.375,36,5.1323,1877600
1997-01-03,36.625,36.875,36.375,36.625,5.2214,1960800
1997-01-06,36.625,36.625,35.875,36.25,5.168,2727600
1997-01-07,36.25,36.5,35.875,36.4688,5.1991,1661200
1997-01-08,36.375,36.5,36,36.375,5.1858,3964400
1997-01-09,36.75,38.125,36.5,37.875,5.3996,2963200
1997-01-10,37.5,38.75,37.25,38.5,5.4887,3667600
1997-01-13,38.625,38.875,38,38.25,5.4531,3536400
1997-01-14,38.375,38.625,38.375,38.5,5.4887,1606000
1997-01-15,38.5,38.625,38,38.375,5.4709,1872800
1997-01-16,38.75,39,38.25,38.75,5.5244,1958000
1997-01-17,38.625,39.25,38.5,38.875,5.5422,1328400
1997-01-20,39,39.25,38.75,38.875,5.5422,819600
1997-01-21,38.875,39.625,38.875,39.5,5.6313,1102400
1997-01-22,39.375,39.5,38.875,39.125,5.5778,6773200
1997-01-23,39,39.375,38.875,39,5.56,1852400
1997-01-24,39,39.25,38.875,38.875,5.5422,4158800
1997-01-27,39.125,39.25,38.25,38.875,5.5422,3659600
1997-01-28,39,39.125,38.375,38.75,5.5244,2701600
1997-01-29,38.5,38.75,38.25,38.625,5.5066,2178000
1997-01-30,38.625,38.625,37.625,38,5.4174,5930400
1997-01-31,38,38,37.125,37.125,5.2927,3068000
1997-02-03,37.375,37.375,36.25,36.375,5.1858,1690400
1997-02-04,36.5,36.5,35.75,36.25,5.168,2598000
1997-02-05,36,36.125,35.625,35.75,5.0967,2264400
1997-02-06,35.875,37,35.625,36.5,5.2036,2237200
1997-02-07,36.625,37.25,36.5,36.75,5.2392,1503600
1997-02-10,36.625,36.875,36.25,36.375,5.1858,1428400
1997-02-11,36.375,36.625,36.25,36.5,5.2036,1508800
1997-02-12,36.625,37,36.5,37,5.2749,1722800
1997-02-13,37,37.5,37,37.375,5.3283,1288000
1997-02-14,37.5,37.5,37,37,5.2749,956000
1997-02-18,37,37.125,36.5,36.625,5.2214,674800
1997-02-19,36.625,36.75,35.75,35.75,5.0967,1528000
1997-02-20,36,36.375,34.75,36,5.1323,2375600
1997-02-21,34,36.375,33.875,36.25,5.168,4290400
1997-02-24,36.125,37,36.125,37,5.2749,1820800
1997-02-25,37,37,36.625,36.625,5.2214,2766800
1997-02-26,36.625,36.875,35.75,36.25,5.1845,3969200
1997-02-27,36.125,36.625,36,36,5.1487,2437600
1997-02-28,36,37.125,35.875,36.75,5.256,3138800
1997-03-03,36.75,37.25,36.375,37,5.2918,1820400
1997-03-04,37.125,37.75,37,37.375,5.3454,1540400
1997-03-05,37.5,37.75,37.375,37.625,5.3811,1657600
1997-03-06,37.625,38,37.375,37.875,5.4169,995600
1997-03-07,38.125,38.25,37.375,37.375,5.3454,5731200
1997-03-10,37.5,38.25,37.375,37.875,5.4169,3274400
1997-03-11,37.75,38.25,37.75,38.125,5.4527,1430000
1997-03-12,38.25,38.625,38,38,5.4348,1778000
1997-03-13,38.25,38.25,37.75,38,5.4348,2295200
1997-03-14,38,38.125,37.875,37.875,5.4169,2292000
1997-03-17,38,38.125,37.5,37.875,5.4169,1431600
1997-03-18,37.875,38,37.25,37.25,5.3275,2470400
1997-03-19,37.25,37.75,37.25,37.75,5.399,3220400
1997-03-20,37.75,38.125,37.375,38,5.4348,2487200
1997-03-21,38.125,38.25,37.75,38.25,5.4705,2104800
1997-03-24,38.25,39.125,37.875,38.75,5.542,1739200
1997-03-25,38.75,39.5,37.875,38,5.4348,2294400
1997-03-26,38,38.625,37.75,38.125,5.4527,1264800
1997-03-27,38.375,38.375,37.75,37.875,5.4169,1392800
1997-03-31,37.75,38.125,37.75,37.875,5.4169,2949600
1997-04-01,37.875,38.4376,37.875,38.125,5.4527,2316800
1997-04-02,37.875,38.125,37.875,38.125,5.4527,1714800
1997-04-03,38.25,38.5,37.875,38.5,5.5063,3036800
1997-04-04,38.125,39.125,38.125,38.5,5.5063,2457600
1997-04-07,38.875,38.875,38,38.5,5.5063,2860400
1997-04-08,38.25,38.5,37.875,38.375,5.4884,2401200
1997-04-09,38.125,38.5,38,38.5,5.5063,1156400
1997-04-10,38.25,38.5,37.875,37.875,5.4169,1203200
1997-04-11,37.75,38,37.125,37.125,5.3096,1146400
1997-04-14,37.5,37.5,36.875,37,5.2918,1599600
1997-04-15,37.125,37.25,35.875,36.5,5.2202,2032000
1997-04-16,36.375,36.75,36.125,36.625,5.2381,1645600
1997-04-17,36.625,37.25,36.5,37.25,5.3275,1024400
1997-04-18,37.375,38,37.25,38,5.4348,1523200
1997-04-21,38,38,37.125,37.125,5.3096,2017600
1997-04-22,37.125,37.25,36.75,37.25,5.3275,906400
1997-04-23,36.875,37.75,36.375,37.625,5.3811,2489200
1997-04-24,37.625,38,37.625,37.875,5.4169,1441200
1997-04-25,37.875,38.625,37.75,38.5,5.5063,1616400
1997-04-28,38.375,38.625,38.125,38.5,5.5063,2090400
1997-04-29,38.75,38.75,38.125,38.625,5.5242,1416400
1997-04-30,38.375,39.75,38.25,39.25,5.6136,3456400
1997-05-01,39.375,41.875,39.25,41.5,5.9354,7003600
1997-05-02,41.625,42.125,40.5,42.125,6.0247,3714800
1997-05-05,42,42.75,41.875,42.25,6.0426,3369600
1997-05-06,42,42.125,41.375,41.75,5.9711,3206000
1997-05-07,41.125,41.875,40.875,41,5.8638,2238400
1997-05-08,40.5,41.25,40.5,41,5.8638,2122800
1997-05-09,41.125,42.375,41.125,42,6.0069,2775200
1997-05-12,41.875,42.75,41.5626,42.625,6.0963,3220400
1997-05-13,43.125,44.75,43.125,44,6.2929,11455200
1997-05-14,44.125,45,44,44.75,6.4002,4019600
1997-05-15,44.5,46.125,44.25,45.625,6.5253,2342800
1997-05-16,45.25,47.5,45.125,46.75,6.6862,4887200
1997-05-19,47,47.25,46.5,46.8126,6.6951,2508400
1997-05-20,46.625,46.875,45.25,46.1876,6.6058,3392000
1997-05-21,46.125,46.25,45.5,45.875,6.5611,2315600
1997-05-22,45.75,46.375,45.375,46.375,6.6326,2492400
1997-05-23,46.5,47.25,46.5,47,6.722,3210800
1997-05-27,46.75,47.625,46.5,47.5626,6.8024,4149200
1997-05-28,47.375,47.75,46.75,47.625,6.8114,4048800
1997-05-29,47.625,47.875,47.375,47.5,6.8102,2569200
1997-05-30,47.25,48.125,46.625,48,6.8819,2445600
1997-06-02,47.75,48.25,47.5,48,6.8819,2115200
1997-06-03,47.625,48.875,47.625,48.4376,6.9446,1484000
1997-06-04,48.375,48.625,47.75,47.875,6.8639,621600
1997-06-05,47.875,48.5,47.625,47.75,6.846,1878800
1997-06-06,47.625,48.1876,47.25,48.125,6.8998,1837600
1997-06-09,48.25,48.375,47.875,48.0626,6.8908,1416800
1997-06-10,48.125,49,47.875,48,6.8819,2125200
1997-06-11,47.875,48.375,47.6876,48,6.8819,1337600
1997-06-12,48,49.125,48,48.75,6.9894,2952400
1997-06-13,48.5,49.25,48.5,48.875,7.0073,1450800
1997-06-16,48.75,49,47.8126,48.125,6.8998,4492400
1997-06-17,47.875,47.875,47.25,47.5626,6.8191,2402800
1997-06-18,47.5,48.25,47.5,47.9376,6.8729,5073600
1997-06-19,47.875,49.75,47.875,49.625,7.1148,4049200
1997-06-20,49.75,50,48.5,49,7.0252,2729600
1997-06-23,49,49.25,47.625,47.9376,6.8729,1292800
1997-06-24,48,48,46.875,47.0626,6.7475,1816400
1997-06-25,47.125,49.375,46.75,49,7.0252,2878000
1997-06-26,48.5,49,48,48.1876,6.9087,1323200
1997-06-27,48.25,48.5,47.375,47.75,6.846,656800
1997-06-30,47.5,49.25,47.5,49.0626,7.0342,1420800
1997-07-01,49,49.25,48.125,48.125,6.8998,1199600
1997-07-02,48.125,48.75,47.875,48.75,6.9894,569600
1997-07-03,49,49.375,48.8126,49.3126,7.07,1138000
1997-07-07,49.3126,49.375,48.625,49.25,7.0611,2170800
1997-07-08,49.3126,51.125,49.125,51,7.312,3529600
1997-07-09,51.5,52.75,50.25,52.125,7.4733,7126000
1997-07-10,51.75,52.1876,51,52,7.4554,2636800
1997-07-11,52,54.0626,51.75,54.0626,7.7511,3295200
1997-07-14,53.625,54.25,53.25,53.625,7.6883,2676000
1997-07-15,53.375,53.75,53.125,53.625,7.6883,3255200
1997-07-16,53.375,54,53.375,53.875,7.7242,2743600
1997-07-17,53.75,54.25,53.75,54,7.7421,2694000
1997-07-18,54,55,54,54.1876,7.769,3625600
1997-07-21,54.125,54.1876,52.75,53.75,7.7063,2373200
1997-07-22,53.625,54,53.375,53.75,7.7063,2219200
1997-07-23,53.875,54.1718,53.75,53.9688,7.7376,1374400
1997-07-24,53.875,56.375,53.8126,56,8.0288,3552000
1997-07-25,55.875,56,54.625,54.6876,7.8407,2448800
1997-07-28,54.5,54.75,52.625,53,7.5987,2956000
1997-07-29,53.375,57.375,53.125,56.625,8.1184,16998800
1997-07-30,56.875,59.625,56.875,58.75,8.4231,7799600
1997-07-31,58.5,58.625,56.125,56.6876,8.1274,5310800
1997-08-01,56.5,56.625,54.75,54.75,7.8496,3805600
1997-08-04,54.875,55.25,52.875,55,7.8855,4420800
1997-08-05,55,57.25,54.875,57,8.1722,4449200
1997-08-06,56.875,57.25,55.75,56.875,8.1543,2263600
1997-08-07,57,58.25,57,57.1876,8.1991,8582000
1997-08-08,57.125,57.875,56.1876,57.75,8.2797,8469600
1997-08-11,57.875,60.625,57,57.875,8.2977,10016400
1997-08-12,58.625,58.875,56.625,56.875,8.1543,8530000
1997-08-13,57.125,61.875,56.75,61.5,8.8174,10719600
1997-08-14,61.625,62.5,58.75,59.1876,8.4858,5664400
1997-08-15,59,61.25,57.875,60.9376,8.7367,8216000
1997-08-18,60.75,61,60.375,60.875,8.7278,2314400
1997-08-19,60.75,60.9376,59.375,59.625,8.5486,2475200
1997-08-20,59.25,59.5,58,59.25,8.4948,3658400
1997-08-21,59.125,61.25,58.875,60.1876,8.6292,2176400
1997-08-22,59.5,60.5,59.125,60.125,8.6203,2143200
1997-08-25,60,60.5,59.625,60.125,8.6203,713600
1997-08-26,59.625,60.375,58.5,58.5626,8.3962,2211200
1997-08-27,58.625,59.875,57.5,58.875,8.4599,3460000
1997-08-28,58.875,59.625,58.75,59.0626,8.4869,1970800
1997-08-29,58.75,58.875,58.375,58.5,8.406,779600
1997-09-02,59,60.375,58.75,60,8.6216,1739200
1997-09-03,60.125,60.875,60,60.1876,8.6485,2126400
1997-09-04,60.25,61.625,60,61,8.7653,6255200
1997-09-05,61.5,62.6876,60.875,61.75,8.873,2742800
1997-09-08,61.9376,62.125,61.125,61.5,8.8371,766400
1997-09-09,61.375,62.125,60.5,61.9376,8.9,1354000
1997-09-10,61.75,62.375,60.625,61.5,8.8371,1930400
1997-09-11,61.375,61.9376,61,61.6876,8.8641,1762800
1997-09-12,62.25,64.875,61.75,64.375,9.2502,4810000
1997-09-15,64.375,65.375,63.75,64.125,9.2143,4388800
1997-09-16,64.125,67.75,63.875,67.5,9.6993,5290800
1997-09-17,67.5,68.1876,66.5,66.75,9.5915,2800400
1997-09-18,66.875,67.5,66,66.0626,9.4927,2035600
1997-09-19,66.3126,67.125,64.875,66.5,9.5556,3688000
1997-09-22,66.375,66.625,65.375,65.625,9.4299,2567200
1997-09-23,65.375,66.375,64.5,64.625,9.2862,4953200
1997-09-24,65,65.125,62.875,63,9.0527,3009200
1997-09-25,62.75,64.75,62,64.25,9.2323,3693200
1997-09-26,64.25,64.625,63,63.5,9.1245,1488400
1997-09-29,63.625,64,62.375,63.625,9.1425,2141200
1997-09-30,63.625,64.375,62.875,63.75,9.1604,1487600
1997-10-01,63.75,64.75,63.75,64.0626,9.2053,980000
1997-10-02,64,64.25,63.5,63.9376,9.1874,577200
1997-10-03,64,64.25,61.75,61.8126,8.882,4371600
1997-10-06,61.8126,63.25,61.8126,62.75,9.0167,2598800
1997-10-07,62.625,62.875,59,61.75,8.873,8041200
1997-10-08,61.75,62,59.75,60.375,8.6755,7606000
1997-10-09,60.5,61.375,59.625,61.25,8.8012,2960400
1997-10-10,60.875,62.75,60.875,61.375,8.8192,2785600
1997-10-13,61.625,62.125,60.5,61.125,8.7832,1528400
1997-10-14,60.875,61.375,58.5,60.6876,8.7204,4266800
1997-10-15,60.5,62.5,60.25,60.4376,8.6845,3771200
1997-10-16,60.125,61.625,59.125,59.875,8.6036,2664800
1997-10-17,59.875,60.75,59.125,59.125,8.4959,4513600
1997-10-20,59.1876,62.125,58.375,62.125,8.9269,4512000
1997-10-21,62.125,63.625,62,62.75,9.0167,4662800
1997-10-22,62.375,62.75,60,60.5,8.6934,2064000
1997-10-23,59.625,60.75,58.75,59.5,8.5497,3803600
1997-10-24,60.375,61,57.75,59.125,8.4959,5707600
1997-10-27,59,59.25,54.25,54.25,7.7954,5910800
1997-10-28,53.5,57.25,52.375,57.0626,8.1995,5654000
1997-10-29,57.25,59.5,56.375,58.125,8.3522,3909200
1997-10-30,57.375,62,56.75,60.375,8.6755,4493600
1997-10-31,61.125,62.125,58.9376,61.25,8.8012,3877600
1997-11-03,61.75,63.375,61.75,63.125,9.0706,2246800
1997-11-04,62.5,63.375,61.75,62.625,8.9988,1186400
1997-11-05,62.5,63.875,61.75,63.375,9.1066,1518400
1997-11-06,63.25,65.75,62.625,65.1876,9.367,1918800
1997-11-07,64.375,65.25,63.875,64.4376,9.2592,1908000
1997-11-10,64.75,65.75,62.625,63.25,9.0886,1908800
1997-11-11,63.625,64.625,63.125,64.25,9.2323,2173600
1997-11-12,62.375,62.375,58.375,58.9376,8.4689,10106000
1997-11-13,59.25,60.875,59.125,60.75,8.7294,4186000
1997-11-14,60.875,62.25,60.25,60.8126,8.7383,2662400
1997-11-17,61,62.125,60.5,61.875,8.891,1798400
1997-11-18,61.5,62,60.375,60.5626,8.7024,3854400
1997-11-19,60.875,60.875,59.5626,59.6876,8.5767,2527600
1997-11-20,60,61.875,59.25,61.875,8.891,3391600
1997-11-21,62.125,62.5,59.625,60.125,8.6395,1799600
1997-11-24,59.875,60.25,58.4376,58.5626,8.415,1452400
1997-11-25,59,60.5,59,60,8.6409,2252000
1997-11-26,59.875,60.25,57.125,57.25,8.2448,3125600
1997-11-28,57.125,60,56.875,59,8.4969,2043200
1997-12-01,59.125,61.375,58.4376,61,8.7849,1857200
1997-12-02,61.25,62.25,61,61.625,8.8749,2006000
1997-12-03,61.75,62.75,60.625,62.375,8.9829,1759200
1997-12-04,63.375,63.625,60.75,61.125,8.8029,1955600
1997-12-05,60.75,62.75,59.25,62.75,9.0369,1931600
1997-12-08,63.125,63.375,61,61.5,8.8569,1875200
1997-12-09,60.875,61.8126,59.875,60.8438,8.7624,3078400
1997-12-10,60.625,61.375,59.75,60.5,8.7129,1886000
1997-12-11,59.5,59.75,58,59.0626,8.5059,2675200
1997-12-12,59.5,59.5,56.75,57.5,8.2808,2230000
1997-12-15,57.4688,60.625,54.5,60.5,8.7129,5822400
1997-12-16,60.5,61.25,57.6562,58.75,8.4609,3759600
1997-12-17,59,59.625,54.8126,55.25,7.9568,2575600
1997-12-18,55.5,57.375,55.25,56.375,8.1188,4664400
1997-12-19,55.375,56.75,55.375,55.75,8.0288,3046800
1997-12-22,55.75,57,55.75,56.1876,8.0918,2078400
1997-12-23,56.375,57,54.875,54.875,7.9028,2834400
1997-12-24,55,57.3126,55,56.625,8.1548,1888400
1997-12-26,57.125,57.25,55.625,55.875,8.0468,1254400
1997-12-29,56.25,59.125,55.875,58.875,8.4789,1648000
1997-12-30,58.75,60.125,58,59.75,8.6049,2228800
1997-12-31,59.25,61.625,58.375,60.375,8.6949,2112400
1998-01-02,59.875,60.125,58,58.5,8.4249,1486800
1998-01-05,58.875,59.875,57.5,59.125,8.5149,2186000
1998-01-06,59.25,60.75,58.75,59.75,8.6049,2568400
1998-01-07,59.75,60,54.25,56.9062,8.1953,13141200
1998-01-08,57.25,59.3126,57,58.625,8.4429,5496000
1998-01-09,58.5,58.75,57.25,58.25,8.3889,4353600
1998-01-12,57.5,58,56.375,56.8438,8.1863,3798800
1998-01-13,56.625,56.875,52.875,52.875,7.6148,9424400
1998-01-14,53.625,53.625,49.875,51,7.3448,10088000
1998-01-15,51,52.125,47,49.5,7.1287,16156000
1998-01-16,43,46.1876,42.8594,44.875,6.4627,48036800
1998-01-20,46.0626,47,45.625,47,6.7687,9115600
1998-01-21,47.375,47.75,46.75,47.5626,6.8497,7592400
1998-01-22,47.75,49.4376,47.5,49,7.0567,4634000
1998-01-23,49.75,50,49.25,50,7.2007,7571200
1998-01-26,50.5,50.75,48.625,48.75,7.0207,6299600
1998-01-27,48.875,49.5,48.375,49.125,7.0747,6320800
1998-01-28,49.1876,49.25,48.6876,49.1876,7.0837,6543200
1998-01-29,49.375,51.625,49.25,49.75,7.1647,4790000
1998-01-30,49.625,51.25,48.75,50.875,7.3268,4366800
1998-02-02,51.5,52.25,50.25,50.625,7.2907,4206800
1998-02-03,50.5,51.375,50.375,51.25,7.3808,4099600
1998-02-04,51.125,51.25,50.625,51.0626,7.3538,2727200
1998-02-05,51.25,53.375,50.9376,53.1876,7.6598,5880400
1998-02-06,53.125,55.125,51.75,55.125,7.9388,3957200
1998-02-09,54.875,55,52.25,52.25,7.5248,3267200
1998-02-10,52.5,53.75,52,53.5,7.7048,4028800
1998-02-11,53,55.5,53,53.75,7.7408,3227200
1998-02-12,54,57.375,52.75,57,8.2088,6452000
1998-02-13,56.125,57,55.375,56,8.0648,3053200
1998-02-17,57.125,58.75,56.5,56.625,8.1548,4262800
1998-02-18,56.375,57,55.875,56.125,8.0828,3175200
1998-02-19,56.25,56.25,54.625,55,7.9208,3078800
1998-02-20,54.875,55.125,53.25,54.0626,7.7858,6836800
1998-02-23,54.25,54.5,53.25,53.875,7.7588,2425200
1998-02-24,54.375,58.25,53.5,57.9376,8.3439,10253600
1998-02-25,57.5,58.25,55.5,55.875,8.065,5678400
1998-02-26,55.75,59,55.5,58,8.3718,4202400
1998-02-27,57.75,58.125,56.75,57.3438,8.277,3062000
1998-03-02,58.125,62.5626,58,61.25,8.8409,9473200
1998-03-03,60.875,62.625,60.375,62.125,8.9672,5517200
1998-03-04,61.875,64,61.625,62.875,9.0754,4088000
1998-03-05,62,63.875,61.625,61.75,8.913,3002800
1998-03-06,62.0626,64.875,61.8126,64.875,9.3641,5119200
1998-03-09,64.75,65.625,64.125,65.25,9.4182,5932400
1998-03-10,65.875,65.875,63.625,64.25,9.2739,2358800
1998-03-11,64,64.375,61.625,61.8126,8.9221,4426000
1998-03-12,62.125,63,61,62,8.9491,2714000
1998-03-13,61.75,62.125,59.625,60.3126,8.7055,2429600
1998-03-16,60.375,61.8126,59.5,61.625,8.895,2803600
1998-03-17,61.625,62.5,59.625,59.8126,8.6334,1978000
1998-03-18,60.125,60.625,57.375,59.125,8.5341,4537200
1998-03-19,58.625,59.25,58,58.75,8.48,6529600
1998-03-20,59,60.375,58.6876,59.9376,8.6514,3697600
1998-03-23,60.25,61.25,59.1876,59.5,8.5883,2081200
1998-03-24,59.125,61,59.125,60.875,8.7867,1656400
1998-03-25,60.75,62.125,60.75,62,8.9491,3006000
1998-03-26,61.375,62.625,61.25,61.375,8.8589,3423600
1998-03-27,61.5,62.25,61,61.875,8.9311,2602400
1998-03-30,62,63.5,62,63,9.0935,2698800
1998-03-31,63.25,65,62.5,63.8126,9.2107,1954800
1998-04-01,63.625,63.875,61.5,62.75,9.0574,6025600
1998-04-02,63.125,67.125,62.75,65.5626,9.4633,7175600
1998-04-03,65.625,66.375,65.25,65.75,9.4904,5103200
1998-04-06,66.125,66.5,64.5,65.3126,9.4272,4945200
1998-04-07,65,65.125,62.0626,62.5,9.0213,3076800
1998-04-08,59,60.875,58,60.875,8.7867,17398400
1998-04-09,61.25,62.125,60.5,61.5626,8.886,4035200
1998-04-13,61.5626,62.375,60.5,62.375,9.0032,5123600
1998-04-14,62,63.125,61.4376,62,8.9491,2815600
1998-04-15,62.125,62.625,61.25,62.625,9.0393,2814000
1998-04-16,62.375,64.625,61.5,63.25,9.1295,2388000
1998-04-17,63.375,63.875,62.75,63,9.0935,2254800
1998-04-20,62.625,64.0626,61.875,63.75,9.2017,2496800
1998-04-21,66.75,67,65,65.875,9.5084,2789600
1998-04-22,66,66,64.625,64.8126,9.3551,1612800
1998-04-23,64.625,65.125,64.5,65.125,9.4002,1677600
1998-04-24,65.125,66.5,64.5,64.875,9.3641,2019600
1998-04-27,64,65.25,63.5,64.625,9.328,3868400
1998-04-28,65,65.25,62.6876,63.625,9.1837,2759600
1998-04-29,63,65.0626,62.5,64.5,9.31,3110800
1998-04-30,65.375,66.375,64.8126,65.4376,9.4453,2953200
1998-05-01,65.4376,65.75,63.75,64.875,9.3641,1952400
1998-05-04,65.125,67.125,64.5,66.8126,9.6438,3154800
1998-05-05,66.375,67,65.5,66.375,9.5806,1756400
1998-05-06,66.875,66.875,64.125,64.25,9.2739,2356400
1998-05-07,64.375,65.75,64.25,65.25,9.4182,1412800
1998-05-08,65.5,66.625,65.125,66.1876,9.5535,1915600
1998-05-11,65.75,66.875,64,64.125,9.2558,2996000
1998-05-12,64.5,68.125,64.25,68.125,9.8332,5172400
1998-05-13,69,69.1876,67.0626,68.75,9.9234,4079200
1998-05-14,68,71.25,68,68.625,9.9054,5395200
1998-05-15,68.625,68.75,66.75,67,9.6708,2578400
1998-05-18,66.875,68.25,66.625,67.4376,9.734,1748400
1998-05-19,67.375,68.9376,67.375,67.875,9.7971,1595600
1998-05-20,69.25,73.125,68.75,72.625,10.4827,5361600
1998-05-21,72.375,75.25,71.625,75.25,10.8616,5066800
1998-05-22,75,75.5,72.625,73.25,10.573,4792400
1998-05-26,73.125,74.875,72.75,72.875,10.5188,2812800
1998-05-27,72.625,72.75,69.75,71.25,10.2843,3123600
1998-05-28,70.75,71.875,69.625,71.875,10.3936,1443200
1998-05-29,71.625,73.625,71.625,72.0626,10.4207,1601600
1998-06-01,72,75,72,73.625,10.6466,4043600
1998-06-02,73.875,74.625,72.625,73.375,10.6105,2040400
1998-06-03,73,73.5,71.125,71.5,10.3393,1558800
1998-06-04,71.625,73.25,70.25,72.9376,10.5472,2254000
1998-06-05,72.75,75.375,72.3126,75.125,10.8635,3634800
1998-06-08,75,77.875,74.8126,76.125,11.0081,3545200
1998-06-09,75.5626,75.75,73.375,74.3126,10.746,3677600
1998-06-10,74.375,76.875,72.375,72.4376,10.4749,4841600
1998-06-11,72.5626,73.5,70.5,71.375,10.3213,3085600
1998-06-12,71.5,72.5,68.5,71.125,10.2851,4225600
1998-06-15,70,70.5,68,68.5,9.9055,3218400
1998-06-16,69.25,70.625,67.625,69.5,10.0501,3458400
1998-06-17,70,72.25,69.375,71.75,10.3755,2100800
1998-06-18,71.875,73.125,71,71.0626,10.2761,1388400
1998-06-19,72.125,73,70.0626,70.625,10.2128,1997600
1998-06-22,70.875,72,70.375,71.375,10.3213,1446000
1998-06-23,71.375,71.375,70.125,70.375,10.1767,2640000
1998-06-24,70.125,72.5,70.125,72.4376,10.4749,4092800
1998-06-25,72.375,75.125,72.375,73.9376,10.6918,3025600
1998-06-26,73.75,75.375,73.75,74.75,10.8093,2294400
1998-06-29,75.375,77.125,74.9376,76.9376,11.1256,2405200
1998-06-30,77.75,78,76.75,77.25,11.1708,4104800
1998-07-01,39,39.3125,37.5,38.5,11.1347,2279600
1998-07-02,38.875,39,38,38.25,11.0624,781600
1998-07-06,39,40.375,38.625,39.25,11.3516,1807400
1998-07-07,39.75,40.375,38.875,38.9375,11.2612,974400
1998-07-08,39.625,39.75,38.125,39.25,11.3516,1217400
1998-07-09,37.75,38.4375,35.4375,37.5,10.8455,6278000
1998-07-10,37.875,37.875,34.875,36.125,10.4478,2894000
1998-07-13,36.625,37,35.875,36.5,10.5562,1242800
1998-07-14,36.625,37.4375,36.4375,36.875,10.6647,1168400
1998-07-15,37.5,37.625,35.75,35.875,10.3755,1198400
1998-07-16,36,37.875,35.375,37.5,10.8455,1307800
1998-07-17,37.75,38.25,37.0625,37.375,10.8093,848800
1998-07-20,37.25,37.6875,36.25,36.5625,10.5743,878400
1998-07-21,36.6875,36.6875,34.75,34.875,10.0863,1513400
1998-07-22,35,36.125,34.75,34.875,10.0863,1659600
1998-07-23,34.9375,34.9375,31.5,31.8125,9.2006,3366800
1998-07-24,32.125,33.0625,30.875,31.25,9.0379,3325600
1998-07-27,31.125,33,30.8125,32.5625,9.4175,4521400
1998-07-28,32.9375,34.125,31.75,32.375,9.3632,3498000
1998-07-29,33,33,30.125,30.875,8.9294,2108600
1998-07-30,31.375,32.375,31.25,31.8125,9.2006,3299800
1998-07-31,31.875,32.25,30.875,31.2188,9.0288,2143200
1998-08-03,31.25,31.75,30.375,31.25,9.0379,1449200
1998-08-04,31.75,31.875,28.125,28.8125,8.3329,2037600
1998-08-05,29.25,30.625,28.3125,30.375,8.7848,2757600
1998-08-06,30.25,32.6875,30,30.5,8.821,3860400
1998-08-07,30.5,32.375,30.375,30.875,8.9294,2956200
1998-08-10,31.25,33,30.875,32.0625,9.2729,3872600
1998-08-11,31.25,32,30.0625,30.75,8.8933,2552000
1998-08-12,31.5,34,31.25,32.1875,9.309,2427400
1998-08-13,35.1875,36.5,34.625,35.0938,10.1495,7354000
1998-08-14,35.625,35.875,35.375,35.5,10.267,6945000
1998-08-17,35.625,37.125,35.25,36.625,10.5924,5508600
1998-08-18,36.875,39.5,36.625,39,11.2793,6341000
1998-08-19,38.875,39,37.5,38.125,11.0262,2642800
1998-08-20,38,39.125,37.75,38.4375,11.1166,3047000
1998-08-21,38.375,38.375,36.75,37.9375,10.972,3139200
1998-08-24,38.375,38.75,35.9375,37.5,10.8455,6678800
1998-08-25,37.75,38.375,37,37.625,10.8816,2188800
1998-08-26,37.125,37.25,34.25,35.0625,10.1405,3973400
1998-08-27,34.625,34.875,32,33.5,9.7093,3623600
1998-08-28,33.5,35,32.25,32.4375,9.4014,1971800
1998-08-31,32.75,33.4375,29.75,29.9375,8.6768,2379400
1998-09-01,30.375,30.375,24.875,27.0625,7.8435,21283800
1998-09-02,27.625,28.6875,27.375,27.875,8.079,7541600
1998-09-03,27.875,28.8125,26.875,27.25,7.8979,3927200
1998-09-04,27.75,28,25.5,26.25,7.6081,2012200
1998-09-08,28.25,29.125,28,28.4375,8.2421,2924600
1998-09-09,28.75,28.875,26.875,27.125,7.8617,4306600
1998-09-10,26.625,26.625,25.375,25.9375,7.5175,3089200
1998-09-11,26.375,27.125,25.75,26.875,7.7892,2702800
1998-09-14,27.625,29.625,27.375,28.9375,8.387,2782600
1998-09-15,30,31.375,29.625,30.6875,8.8942,3495000
1998-09-16,31.4375,31.5,30.6875,31,8.9847,2523800
1998-09-17,30.4375,30.4375,29.125,29.625,8.5862,1462200
1998-09-18,29.6875,30.75,29.25,30,8.6949,2068800
1998-09-21,29.625,29.75,28.375,29.125,8.4413,1577600
1998-09-22,29.375,29.625,27.5625,27.625,8.0066,2029600
1998-09-23,28,28,26.3125,26.625,7.7167,3813400
1998-09-24,26.6875,26.75,25.375,25.375,7.3544,2593600
1998-09-25,25.5,26.375,25.375,25.6875,7.445,3578400
1998-09-28,26.125,26.3125,24.875,25,7.2458,3248200
1998-09-29,25.125,25.125,22,22.0625,6.3944,6628400
1998-09-30,22.4375,24.8125,22.125,24.75,7.1733,6096800
1998-10-01,24,25.375,23.125,23.9375,6.9378,5099600
1998-10-02,24.25,26.1875,24,25.75,7.4631,3687000
1998-10-05,25.125,26.125,24.875,25.625,7.4269,2678800
1998-10-06,26.125,27.25,26,26.25,7.6081,2284200
1998-10-07,26.25,27.25,24.625,25.5,7.3907,1662400
1998-10-08,24.5,24.6875,23.375,24.0625,6.974,2001000
1998-10-09,24.75,25.375,23.75,24.0625,6.974,2118600
1998-10-12,25,26.25,24.5,25.375,7.3544,1736400
1998-10-13,25.25,26.875,25,25.125,7.282,1827800
1998-10-14,25.375,25.9375,25,25.5,7.3907,1485800
1998-10-15,25.75,28.375,25.4375,27.75,8.0428,3290400
1998-10-16,28.75,29.625,27.875,29,8.4051,1911400
1998-10-19,28.6875,29.625,28,28.9375,8.387,1076000
1998-10-20,29,29.125,26.625,26.625,7.7167,2302000
1998-10-21,26.75,27.3125,25.625,27.25,7.8979,2059600
1998-10-22,27.5,27.5,26.125,26.8125,7.7711,2257200
1998-10-23,26.875,27.125,25.625,26.125,7.5718,2744200
1998-10-26,26.125,27.125,26,26.625,7.7167,1267800
1998-10-27,27.125,28,25.125,25.125,7.282,1988800
1998-10-28,25.25,26.5,25,25.1875,7.3001,1598000
1998-10-29,25.5,27.4844,25.1875,27.125,7.8617,1770000
1998-10-30,27.25,28.3125,27,27.3125,7.916,1387200
1998-11-02,27.75,28.5,27.0625,28.25,8.1877,903600
1998-11-03,28.25,29.125,27.375,27.5,7.9703,1415800
1998-11-04,28.3125,30.4375,28.1875,30.4375,8.8217,3751600
1998-11-05,29.75,30.25,28.75,29.875,8.6587,2110600
1998-11-06,29.875,31.625,29.4375,30.625,8.8761,1902400
1998-11-09,30.3125,32.5625,29.5,31.5,9.1297,3334200
1998-11-10,30.875,32.625,29.875,30,8.6949,3228400
1998-11-11,30.4375,31.875,30.125,30.75,8.9123,3037000
1998-11-12,33.375,33.9375,31.75,33.75,9.7818,7473200
1998-11-13,33.75,35,33.5,34.625,10.0354,3323400
1998-11-16,34.625,35.25,33.125,34.125,9.8905,1287800
1998-11-17,34.125,35.125,33,34.25,9.9267,2478000
1998-11-18,34.5,34.75,33.375,34.5,9.9992,770200
1998-11-19,34.3125,34.5,33.1875,33.75,9.7818,1266200
1998-11-20,34.75,36,33.75,35.8125,10.3796,2601200
1998-11-23,36.0625,39.125,35.75,38.9375,11.2853,3344600
1998-11-24,38.625,38.875,36.375,36.8125,10.6694,3461400
1998-11-25,37,38.5,36.125,38.5,11.1812,1639400
1998-11-27,38.375,38.375,37.125,37.5,10.8908,512400
1998-11-30,38,38.6875,37.25,37.25,10.8182,1999000
1998-12-01,37.125,37.75,35.875,37,10.7456,2176800
1998-12-02,37.125,37.125,34.5,36,10.4551,2124400
1998-12-03,35.875,36.6875,33.125,33.25,9.6565,1458000
1998-12-04,33.6875,35.875,33.6875,34.875,10.1284,2129000
1998-12-07,34.5,35.1875,34,34.875,10.1284,1185200
1998-12-08,34.75,35,31.5625,32.5625,9.4568,2957400
1998-12-09,33.75,35.125,33.375,35.125,10.201,4466800
1998-12-10,35.25,35.8438,34.25,34.25,9.9469,3103000
1998-12-11,34.0625,35.375,32.625,34.875,10.1284,1808800
1998-12-14,34.6875,34.6875,32.3125,32.6875,9.4931,2480400
1998-12-15,33.5,34.875,32.875,34.75,10.0921,1952000
1998-12-16,34.75,35.25,34.0625,34.875,10.1284,1586800
1998-12-17,35,35.125,33.6875,33.9375,9.8561,1460200
1998-12-18,33.9375,34.25,33.25,33.3125,9.6746,1888800
1998-12-21,33.6875,34.75,33.5,34,9.8743,1542200
1998-12-22,33.875,34.125,32.25,32.875,9.5476,1609600
1998-12-23,33,35.125,32.75,35.125,10.201,1517600
1998-12-24,35.0625,35.125,33.125,33.1875,9.6383,451600
1998-12-28,34.25,34.75,33.375,34.4375,10.0014,865800
1998-12-29,34.375,37,34.25,35.5,10.3099,1934800
1998-12-30,35.625,36.75,34,34.1875,9.9288,1074400
1998-12-31,34.5,35.125,34,34.6875,10.074,566200
1999-01-04,34.9375,36.625,33.25,34.5,10.0195,2025400
1999-01-05,34.625,36.375,34.5625,36.0625,10.4733,1675800
1999-01-06,36,37.75,35.5625,37.5,10.8908,2692000
1999-01-07,37.125,37.375,35.875,36.5,10.6004,1710400
1999-01-08,36.5,36.9375,35,36.125,10.4914,1820600
1999-01-11,37.5,38.5,36.625,37.375,10.8545,2588800
1999-01-12,37.5,37.5,35.375,35.5,10.3099,1748600
1999-01-13,34.75,36.125,34,34.375,9.9832,2025600
1999-01-14,34.375,37,33.6875,34.6875,10.074,4588200
1999-01-15,35,36.0625,34.875,36,10.4551,2521000
1999-01-19,36.125,36.75,35.1875,36.5,10.6004,1600600
1999-01-20,36.75,36.875,35.4375,36.625,10.6367,1492400
1999-01-21,36.5,36.625,34.125,34.1875,9.9288,1514200
1999-01-22,33.375,37.75,33,36.9375,10.7274,3511600
1999-01-25,36.875,38,36.5,37.625,10.9271,2282800
1999-01-26,37.875,39.125,37.875,38.5313,11.1903,3635600
1999-01-27,38.75,38.875,37.625,38.1875,11.0904,2788800
1999-01-28,38.125,41,38,40.5,11.762,5497600
1999-01-29,41,44.125,40.125,41.625,12.0888,5839600
1999-02-01,41.875,42.6875,40.25,42,12.1977,3619400
1999-02-02,41.625,41.75,39.875,40.375,11.7257,3366000
1999-02-03,40.25,44.3125,39.875,44.1875,12.833,3530600
1999-02-04,44.1875,44.1875,41,41.0625,11.9254,2611800
1999-02-05,40.875,42.25,40.375,40.4688,11.753,1575800
1999-02-08,40.75,42.125,40.375,41.9375,12.1795,2494000
1999-02-09,41.625,42,39.625,39.625,11.5079,2253600
1999-02-10,39.625,41.125,39.625,40.375,11.7257,1371000
1999-02-11,41,41.375,39.875,41.3125,11.998,2539400
1999-02-12,40.75,41.25,39.25,39.4375,11.4535,1473200
1999-02-16,39.125,41.4375,39.125,40.625,11.7983,1745800
1999-02-17,40.5,41.375,40.25,40.5625,11.7802,1762400
1999-02-18,40.5,41.125,39.75,40.75,11.8346,1842800
1999-02-19,41.0625,41.75,40.5,41.125,11.9435,2735600
1999-02-22,41.5,44.125,41.375,43.875,12.7422,3831600
1999-02-23,41.125,41.875,40.375,41.6875,12.1069,4297000
1999-02-24,41.625,42.875,39.8125,39.8125,11.5832,2912400
1999-02-25,40,40,38.1875,39.5625,11.5104,2492600
1999-02-26,39.625,41,39.5,40.25,11.7104,1414800
1999-03-01,40.3125,42.5,39.625,42.0625,12.2378,1501000
1999-03-02,41.5,43.375,39.75,40.3125,11.7286,2096400
1999-03-03,40.375,42.25,40.25,42.0625,12.2378,2547200
1999-03-04,42,42.5,39.625,42,12.2196,2634400
1999-03-05,42,43.125,39.625,39.75,11.565,3295800
1999-03-08,40.75,41,37.25,40,11.6377,2803200
1999-03-09,39.3125,39.375,38.25,38.875,11.3104,1300600
1999-03-10,39,39.25,37.75,38.3125,11.1467,1193600
1999-03-11,38.25,38.375,36.75,37.625,10.9467,2199200
1999-03-12,37.625,38.4375,37.5,37.875,11.0195,1521800
1999-03-15,37.875,40.5,37.625,40,11.6377,2606800
1999-03-16,40.25,40.25,38.375,38.5625,11.2195,1342200
1999-03-17,38.625,38.625,37.8125,37.9375,11.0376,2759600
1999-03-18,37.9375,39.6875,36.875,39.6875,11.5468,3392200
1999-03-19,40.125,40.25,38.0625,38.5,11.2013,3643000
1999-03-22,38.5,38.5625,37.625,38.3125,11.1467,3391600
1999-03-23,38.4375,39.625,38.125,38.375,11.1649,2495800
1999-03-24,39,39,38,38.1875,11.1104,3770400
1999-03-25,38.625,38.875,38.125,38.75,11.274,2143400
1999-03-26,38.9375,39.0625,37.625,37.6875,10.9649,1929400
1999-03-29,38,40.5,37.625,40.125,11.6741,3521400
1999-03-30,40,41.375,39.625,40.875,11.8923,2709600
1999-03-31,40.9375,41.3125,40.875,40.875,11.8923,1850400
1999-04-01,41,41.125,40.75,40.8125,11.8741,1830800
1999-04-05,40.8125,41,40.125,40.875,11.8923,1565800
1999-04-06,40.75,42.0625,40.75,40.9375,11.9105,1202800
1999-04-07,40.9375,41.875,40.25,40.5,11.7832,1932400
1999-04-08,40.625,42.125,40.375,42.0625,12.2378,3753800
1999-04-09,41.75,42.5625,41.75,42.375,12.3287,1916800
1999-04-12,41.625,44,41.625,43.625,12.6924,1681600
1999-04-13,44.125,44.8125,42,42,12.2196,3040200
1999-04-14,42.375,42.625,36.9375,37.1875,10.8194,3744000
1999-04-15,37.625,38.375,37.3125,38.3125,11.1467,7515000
1999-04-16,39,39.75,37.375,39.25,11.4195,2766200
1999-04-19,39.375,41.5625,38,38,11.0558,2323400
1999-04-20,38.125,39.4375,37.875,38,11.0558,1625800
1999-04-21,37.9375,39.375,37.75,38.3125,11.1467,1079400
1999-04-22,39,39.125,37.625,38.0625,11.074,1405000
1999-04-23,38.25,38.25,36.875,37.625,10.9467,2620600
1999-04-26,36.375,38,34.75,37.75,10.9831,2711200
1999-04-27,38,38,35.5625,35.9375,10.4558,2794600
1999-04-28,35.9375,37.125,35.375,35.375,10.2921,2705600
1999-04-29,36,36.5,34.875,34.875,10.1466,2911000
1999-04-30,35.5625,36.125,34.625,35.1875,10.2375,2944800
1999-05-03,35.125,36.8125,34.75,36.6875,10.674,1404000
1999-05-04,37,37.75,35.3125,35.4375,10.3103,1678800
1999-05-05,35.5,37.125,34.125,37.125,10.8012,1962800
1999-05-06,37.125,37.25,33.9375,34.125,9.9284,2533600
1999-05-07,34.625,36.375,34.0625,36.25,10.5467,2083400
1999-05-10,36.1875,36.875,34,34.875,10.1466,1880000
1999-05-11,34.875,35.875,34,35.875,10.4376,1878000
1999-05-12,35.875,36.25,34.375,35.125,10.2194,2612800
1999-05-13,35.625,36.6875,35,35.5625,10.3466,3380600
1999-05-14,33,33.375,30.5,32.4375,9.4375,8620200
1999-05-17,32.0625,33.5625,32,33.4375,9.7284,3094600
1999-05-18,33.75,34.875,33.125,34.125,9.9284,2176800
1999-05-19,33.5,33.5,30.625,32.75,9.5284,5009200
1999-05-20,32.875,32.875,31.75,32.375,9.4193,2073600
1999-05-21,32.4375,34.125,31.875,33.0625,9.6193,3681800
1999-05-24,33,35.75,33,34.3125,9.983,5012600
1999-05-25,34,37.25,33,33.125,9.6375,4615400
1999-05-26,34,35.5,33.75,35.375,10.3154,4105600
1999-05-27,34.875,35.25,33.875,34.1875,9.9691,2649800
1999-05-28,34.3125,35.75,34.3125,35.5,10.3518,1381600
1999-06-01,36,36,33.5,34.4375,10.042,3229000
1999-06-02,34.375,37,34.375,36.9688,10.7801,2638800
1999-06-03,36.625,36.625,34.875,35.1875,10.2607,1641400
1999-06-04,35.875,36.25,34.4375,34.8438,10.1605,2717000
1999-06-07,34.875,35.125,33.75,35.125,10.2425,2138600
1999-06-08,35.125,35.125,33.4688,33.6875,9.8233,2253200
1999-06-09,33.875,35.125,33.375,34.875,10.1696,6287800
1999-06-10,34.75,35.25,34,34.1875,9.9691,1286600
1999-06-11,34.125,34.25,33,33.25,9.6957,877400
1999-06-14,33.3125,33.5625,33,33.0625,9.6411,419200
1999-06-15,33,33.1875,32.75,32.75,9.5499,998200
1999-06-16,32.9375,33.5625,32.9375,33.5,9.7686,638000
1999-06-17,33.6875,34.125,33.5625,33.875,9.878,396600
1999-06-18,33.875,34.9375,33.8125,34.875,10.1696,687400
1999-06-21,34.875,34.9375,34.5,34.6875,10.1149,466000
1999-06-22,34.5625,34.5625,33.625,33.75,9.8415,502200
1999-06-23,33.75,33.75,32.9375,33.125,9.6593,425000
1999-06-24,32.625,33,32.5,32.9375,9.6046,594400
1999-06-25,33.1875,33.375,32.8125,33.125,9.6593,1092400
1999-06-28,33.125,33.125,32.875,33,9.6228,543400
1999-06-29,32.8125,33.625,32.4375,33.625,9.8051,636600
1999-06-30,33.5,33.875,33.125,33.5,9.7686,616000
1999-07-01,33.5,35.5,33.5,35.5,10.3518,941200
1999-07-02,35.125,35.4375,35,35.375,10.3154,477800
1999-07-06,35.25,35.3125,34.75,35.0625,10.2243,539800
1999-07-07,35,35.3125,34.9375,35.25,10.2789,394000
1999-07-08,34.5,35.125,34.375,34.9375,10.1878,1102800
1999-07-09,35,35.875,35,35.6875,10.4065,681000
1999-07-12,35.9375,36.625,35.9375,36.4375,10.6252,1028200
1999-07-13,36.25,37.5,36.125,36.875,10.7528,1283800
1999-07-14,37,38.125,36.75,37.375,10.8986,1337000
1999-07-15,38,38.875,38,38.25,11.1537,1055800
1999-07-16,38.5,39.375,38.5,38.8125,11.3178,729800
1999-07-19,39,39.125,36.9375,36.9375,10.771,1800400
1999-07-20,36.875,37.3125,36.4375,36.5625,10.6617,671400
1999-07-21,36.4375,36.5,35.25,35.25,10.2789,1269400
1999-07-22,35.3125,35.3125,33,33.125,9.6593,3744200
1999-07-23,33.0625,33.125,30.375,30.6875,8.9485,3730000
1999-07-26,30.8125,33.125,30.625,32.125,9.3677,2265800
1999-07-27,32.75,33,32.1875,32.625,9.5135,895200
1999-07-28,32.875,32.875,31.875,32.3125,9.4224,732600
1999-07-29,32.1875,32.1875,31.1875,31.5625,9.2037,778200
1999-07-30,31.5625,32.25,31.25,31.4375,9.1672,613200
1999-08-02,31.5,32.625,31.5,32,9.3312,1030400
1999-08-03,31.75,31.75,30.625,30.9375,9.0214,911800
1999-08-04,31.0625,31.375,29.5,29.5,8.6022,762200
1999-08-05,29.625,30.875,29,29.5625,8.6205,1067600
1999-08-06,29.5,30.25,28.5,29,8.4564,906000
1999-08-09,28.875,29.125,28.125,28.375,8.2742,726400
1999-08-10,28.375,29,27,27.875,8.1284,830800
1999-08-11,28.25,29.5625,28.25,29.0625,8.4747,660000
1999-08-12,29.5625,30.375,29.5,29.8125,8.6934,1094000
1999-08-13,31.375,33.125,31.3125,31.375,9.149,2469600
1999-08-16,31.3125,31.5,31.1875,31.5,9.1854,415200
1999-08-17,31.625,31.6875,30.75,30.9375,9.0214,548000
1999-08-18,30.75,31.25,30.4375,31.125,9.0761,550400
1999-08-19,31,31,30,30,8.748,902800
1999-08-20,30.375,30.9375,30.125,30.9375,9.0214,542600
1999-08-23,31.125,31.875,31.0625,31.75,9.2583,702200
1999-08-24,31.5,31.625,31,31.625,9.2219,493200
1999-08-25,32,32.6875,31,31,9.0611,1459600
1999-08-26,31,31.0625,29.875,29.875,8.7322,1205200
1999-08-27,29.8125,29.875,28.75,28.875,8.4399,1447800
1999-08-30,29.1875,29.25,28.875,28.9375,8.4582,923400
1999-08-31,28.9375,28.9375,28.3125,28.3125,8.2755,907600
1999-09-01,28.1875,28.25,27.6875,28,8.1842,2042000
1999-09-02,27.875,27.875,27.0625,27.375,8.0015,1009000
1999-09-03,27.5,27.75,27.25,27.5,8.038,1426600
1999-09-07,27.875,28,27,27.25,7.965,1806000
1999-09-08,27.125,27.25,26.625,26.8125,7.8371,2212000
1999-09-09,26.5625,27.1875,26.5625,27,7.8919,1178600
1999-09-10,27,27.3125,26.6875,26.8125,7.8371,2884400
1999-09-13,27.25,28.5625,27.125,27.4375,8.0198,2328600
1999-09-14,27.125,28.1875,27.125,27.25,7.965,1119400
1999-09-15,27.5,27.8125,26.875,27.0625,7.9102,983000
1999-09-16,27.25,27.5,26.25,26.75,7.8188,799000
1999-09-17,26.75,27.5625,26.75,27.0625,7.9102,680400
1999-09-20,27.25,27.625,26.625,26.6875,7.8006,495000
1999-09-21,26.9375,27.25,26.625,27,7.8919,845000
1999-09-22,27.0625,27.6875,26.9375,27.25,7.965,616400
1999-09-23,27.3125,27.8125,26.625,26.75,7.8188,553800
1999-09-24,26.75,27.3125,26.5,26.5625,7.764,398800
1999-09-27,27.375,27.875,27,27,7.8919,935800
1999-09-28,27,27.5,26.5,26.9375,7.8736,1457200
1999-09-29,27,27.3125,26.9375,27.125,7.9284,1350000
1999-09-30,27,27.3125,26.625,27,7.8919,1797400
1999-10-01,27,27.25,26.625,26.75,7.8188,1069200
1999-10-04,27.125,28.25,27.125,28,8.1842,1238400
1999-10-05,28.25,28.4375,27.375,27.375,8.0015,806600
1999-10-06,27.4375,28.8125,27.375,27.9375,8.1659,1471200
1999-10-07,27.9375,28.625,27.8125,28.0625,8.2025,581600
1999-10-08,28.1875,30.5,28.1875,29.1875,8.5313,1207400
1999-10-11,29,29.6875,28.875,29.6875,8.6774,546800
1999-10-12,29.6875,29.75,27.3125,27.625,8.0746,904600
1999-10-13,27.625,27.625,26.125,26.25,7.6727,1163200
1999-10-14,26.3125,26.875,25.875,26.5,7.7457,736800
1999-10-15,26.5,26.5,25.25,25.875,7.5631,837000
1999-10-18,25.625,25.625,24.8125,25.0625,7.3256,977000
1999-10-19,25.25,25.6875,23.9375,24.625,7.1977,1121000
1999-10-20,24.875,24.875,24.4375,24.5,7.1612,498200
1999-10-21,24.6875,24.6875,23.625,24.125,7.0516,1312600
1999-10-22,24.125,24.4375,23.6875,23.75,6.9419,1412400
1999-10-25,23.5,23.625,23.125,23.125,6.7593,868000
1999-10-26,23.5625,24.1875,23.5,23.5,6.8689,1983600
1999-10-27,23.5,23.5625,23.125,23.3125,6.8141,779400
1999-10-28,23.5,24.625,23.4375,24,7.015,1841200
1999-10-29,24.125,26.375,24.125,24.9375,7.289,2676000
1999-11-01,24.9375,25,23.75,24.0625,7.0333,1048600
1999-11-02,24.25,25.125,24.1875,24.875,7.2708,1334400
1999-11-03,24.8125,24.8125,23,23,6.7227,2191400
1999-11-04,23.5,23.625,23,23.375,6.8323,1293200
1999-11-05,23.875,24.125,23.1875,23.3125,6.8141,1415600
1999-11-08,23.3125,23.5,22.875,23.125,6.7593,721600
1999-11-09,23.25,23.4375,21.875,22.0625,6.4487,2509600
1999-11-10,22.25,22.5,21.875,22,6.4304,2732200
1999-11-11,22.25,22.5,21.75,22,6.4304,1280600
1999-11-12,22.5,22.875,21.75,22,6.4304,3141400
1999-11-15,22.3125,22.625,22.125,22.4375,6.5583,1910800
1999-11-16,22.5,22.5,21.6875,21.75,6.3574,1950200
1999-11-17,21.9375,22.5625,21.8125,22.375,6.54,2847600
1999-11-18,22.375,23.6875,22.375,23.1875,6.7775,3561000
1999-11-19,23.625,24.625,22.8125,24.5,7.1612,3251800
1999-11-22,24.75,24.8125,24,24.6875,7.216,2703200
1999-11-23,25.875,27.5,24.5625,27.25,7.965,4208000
1999-11-24,27.125,27.1875,25.5,26.1875,7.6544,2072600
1999-11-26,26.3125,27.125,26.25,26.5,7.7679,441600
1999-11-29,26.5625,27.375,26.25,27.3125,8.0061,1464200
1999-11-30,27.6875,28,26.5,27.8125,8.1527,1417000
1999-12-01,27.5625,27.875,26.625,27.875,8.171,848000
1999-12-02,27.625,27.75,26,26.5,7.7679,954400
1999-12-03,26.875,27.3125,26.5625,26.75,7.8412,1242800
1999-12-06,26.75,26.8125,25.4375,25.75,7.5481,1570600
1999-12-07,25.375,25.6875,24.8125,25,7.3282,945200
1999-12-08,25.125,25.5625,25,25.125,7.3649,661400
1999-12-09,25.1875,25.4375,24.625,24.9375,7.3099,783000
1999-12-10,24.8125,25,24.4375,24.9375,7.3099,830200
1999-12-13,24.9375,25,24.375,24.375,7.145,1014200
1999-12-14,24.5,25.5625,24.4375,24.625,7.2183,1370400
1999-12-15,24.5,24.75,24.0625,24.0625,7.0534,1062000
1999-12-16,24.4375,24.5625,23.9375,24,7.0351,1441200
1999-12-17,23.875,25.625,23.875,24.9375,7.3099,1610600
1999-12-20,24.875,25.6875,23.5625,23.875,6.9985,1105200
1999-12-21,23.875,26,23.875,25.3125,7.4198,1479000
1999-12-22,25.25,25.5,24.75,25.375,7.4382,563200
1999-12-23,26.125,26.375,25.0625,25.5,7.4748,1434600
1999-12-27,26,26.5625,25.5625,25.5625,7.4931,927600
1999-12-28,25.875,26.0625,25.6875,26.0625,7.6397,625600
1999-12-29,25.9375,26.25,25.5625,25.5625,7.4931,337800
1999-12-30,25.5625,26.125,25.5,25.875,7.5847,593400
1999-12-31,25.75,26.5,25.5,26.3125,7.713,422400
2000-01-03,26.1875,26.375,25.5,25.75,7.5481,882200
2000-01-04,25.25,25.5,24.6875,24.75,7.255,696800
2000-01-05,24.6875,24.9375,24.1875,24.3125,7.1267,556200
2000-01-06,24.625,25.9375,24.3125,25.5,7.4748,1264800
2000-01-07,26.25,26.375,25.25,25.5,7.4748,869000
2000-01-10,25.375,25.4375,25,25.25,7.4015,444600
2000-01-11,25.125,25.25,24.6875,24.9375,7.3099,1162800
2000-01-12,24.875,24.9375,23.8125,23.9375,7.0168,762800
2000-01-13,23.75,23.75,22.5625,22.875,6.7053,1588200
2000-01-14,23.125,23.6875,22.9375,23.1875,6.7969,954600
2000-01-18,22.6875,23,22.25,22.5,6.5954,989800
2000-01-19,22.5,23.5625,22.3125,23.25,6.8153,943000
2000-01-20,23.25,23.375,22.625,22.6875,6.6504,785800
2000-01-21,23,23.25,22.25,22.3125,6.5405,748600
2000-01-24,22.5,22.625,21.875,21.875,6.4122,828600
2000-01-25,21.75,22.3125,21.6875,21.9375,6.4305,800000
2000-01-26,22.0625,23.0625,21.875,22.875,6.7053,860400
2000-01-27,22.875,23.125,22.25,22.5,6.5954,1138400
2000-01-28,22.25,22.375,21.625,21.8125,6.3939,892200
2000-01-31,21.8125,22,21.3125,22,6.4489,898200
2000-02-01,21.9375,22.3125,21.375,22.0625,6.4672,852000
2000-02-02,22,22.5,21.875,22.125,6.4855,578000
2000-02-03,22.1875,23.375,22.1875,22.5,6.5954,1094000
2000-02-04,22.625,23,22.375,23,6.742,1251000
2000-02-07,22.9375,23.25,22.5625,22.625,6.6321,1569800
2000-02-08,22.625,24.25,22.625,23.75,6.9618,1053000
2000-02-09,23.5,23.6875,22.875,22.875,6.7053,1945400
2000-02-10,22.875,23.3125,22.875,22.9375,6.7237,1234000
2000-02-11,22.9375,22.9375,22,22,6.4489,1961600
2000-02-14,21.25,21.375,19,21,6.1557,4257000
2000-02-15,20.5,20.5625,20.25,20.4375,5.9908,993200
2000-02-16,20.5625,20.5625,19.25,19.5625,5.7343,1363200
2000-02-17,19.5,19.875,18.25,19.875,5.826,2174200
2000-02-18,20.6875,21.4375,20.0625,21,6.1557,2130000
2000-02-22,21.0625,21.75,21,21.25,6.229,1613000
2000-02-23,21,21.25,21,21,6.1557,865000
2000-02-24,21,21,19.875,20,5.8626,1776000
2000-02-25,20.0625,21.25,20,20.375,5.9949,1099400
2000-02-28,20.5,21,20.25,20.4375,6.0133,960800
2000-02-29,20.25,21.75,20.125,21.3125,6.2708,1988200
2000-03-01,21.3125,21.5625,21,21.3125,6.2708,464800
2000-03-02,21.5625,22.4375,21.125,21.375,6.2892,1357200
2000-03-03,22.25,24,22,22.5,6.6202,1637200
2000-03-06,22.5,22.5,21.625,22,6.4731,1032600
2000-03-07,21.5625,21.6875,21.125,21.25,6.2524,790600
2000-03-08,21.0625,22.125,20.875,21.8125,6.4179,798800
2000-03-09,21.875,22.9375,21.8125,22.3125,6.565,837600
2000-03-10,22.625,22.625,22,22.125,6.5098,648600
2000-03-13,21.9375,21.9375,21.3125,21.5625,6.3443,678600
2000-03-14,21.75,21.875,21.0625,21.25,6.2524,1002000
2000-03-15,21.1875,23.25,21.1875,23.25,6.8409,1186600
2000-03-16,23.375,25.5,23.375,24.875,7.319,2197000
2000-03-17,24.875,24.875,23.625,23.9375,7.0431,1402400
2000-03-20,24.625,24.875,23.5,24.125,7.0983,1047200
2000-03-21,24.125,25.125,23.875,24.9375,7.3374,1177000
2000-03-22,24.4375,24.75,23.875,24.625,7.2454,584600
2000-03-23,24.75,27.75,24.4375,27.5625,8.1097,2851800
2000-03-24,27.625,30.25,27.5,28,8.2384,2583200
2000-03-27,28.25,29.5,28.125,28.8125,8.4775,1282200
2000-03-28,28.5625,28.9375,28.0625,28.0625,8.2568,933400
2000-03-29,28,28.6875,27.1875,27.625,8.1281,1146400
2000-03-30,27.375,28.375,26.5625,28.1875,8.2936,1573600
2000-03-31,28.8125,29.9375,28.1875,29.5,8.6798,2177600
2000-04-03,29.9375,30.875,29.1875,30.3125,8.9189,1941600
2000-04-04,30.75,32.875,29.4375,30.9375,9.1027,3195400
2000-04-05,30.5,33,30.375,32.5625,9.5809,1763000
2000-04-06,32.5,32.75,31.625,31.9375,9.397,1606400
2000-04-07,31.75,32,31.0625,31.6875,9.3234,947400
2000-04-10,31.5625,32.6875,31.4375,32,9.4154,673200
2000-04-11,32,32.3125,31.6875,32.1875,9.4705,921000
2000-04-12,32.5,34.5,32.375,33.75,9.9303,1698200
2000-04-13,34.125,34.375,33.3125,33.5625,9.8751,971200
2000-04-14,31,32.25,29,29.5,8.6798,2118000
2000-04-17,29.25,29.5,27.5,27.9375,8.2201,1409800
2000-04-18,28.1875,30.4375,28.125,29.875,8.7901,932000
2000-04-19,29.6875,30.75,29.6875,30.5,8.974,539400
2000-04-20,30,30.125,29.3125,29.625,8.7166,750800
2000-04-24,29.875,31.125,29.8125,31,9.1211,2033000
2000-04-25,31.0625,32.75,31,32.5625,9.5809,1715000
2000-04-26,32.6875,32.6875,30.8125,30.875,9.0844,2027000
2000-04-27,30.25,30.25,28,28.375,8.3488,1638000
2000-04-28,28.375,28.5,27.5,27.8125,8.1833,1235000
2000-05-01,27.8125,30,27.8125,29.75,8.7533,996400
2000-05-02,29.5,29.625,28.875,29.25,8.6062,988600
2000-05-03,27.5,27.75,26.25,26.8125,7.889,1235200
2000-05-04,27,27.6875,26.4375,26.875,7.9074,1208000
2000-05-05,26.75,27.75,26.625,27.625,8.1281,770600
2000-05-08,27.25,28,26.875,27.75,8.1649,568600
2000-05-09,27.5,28.1875,27.375,28,8.2384,617000
2000-05-10,27.8125,27.875,26.875,27.1875,7.9994,407800
2000-05-11,27.375,27.75,26.5625,26.625,7.8339,1051600
2000-05-12,25.5,25.9375,25.0625,25.3125,7.4477,1606600
2000-05-15,25.25,25.75,24.75,25.375,7.4661,1484200
2000-05-16,25.875,26.4375,25.8125,25.875,7.6132,1763400
2000-05-17,25.25,25.625,25,25,7.3558,2426600
2000-05-18,25.25,25.8125,25.125,25.625,7.5396,981600
2000-05-19,25.375,25.5,24.5625,24.5625,7.227,1204200
2000-05-22,25,25.5,24.8125,24.9375,7.3374,633000
2000-05-23,24.6875,25.4375,24.5,25,7.3558,372600
2000-05-24,24.8125,24.8125,23.625,23.9375,7.0431,823000
2000-05-25,24.1875,24.5625,23.75,24,7.0615,1081600
2000-05-26,24.125,24.125,23.3125,23.4375,6.9202,575600
2000-05-30,23.5,24.4375,23.4375,24.1875,7.1417,438000
2000-05-31,24,25.25,24,25.125,7.4185,436600
2000-06-01,25,25.125,23.5,23.9375,7.0679,1140200
2000-06-02,24,24.75,23.875,24.5,7.234,1162400
2000-06-05,24.25,24.4375,23.8125,23.9375,7.0679,634200
2000-06-06,23.3125,23.5625,22.125,22.4375,6.625,1861200
2000-06-07,23.625,26.3125,23.5,25.6875,7.5846,3165600
2000-06-08,25,25.25,24,24.3125,7.1786,776400
2000-06-09,24.5625,25.25,24.0625,24.0625,7.1048,891600
2000-06-12,24.125,24.6875,23.9375,23.9375,7.0679,426200
2000-06-13,23.8125,24.25,23.625,23.9375,7.0679,644400
2000-06-14,24.375,25.5,24.375,25.1875,7.437,1193200
2000-06-15,25.375,25.6875,25.1875,25.3125,7.4739,616400
2000-06-16,25.3125,25.5,24,24.25,7.1601,796000
2000-06-19,24.375,24.75,24,24.4375,7.2155,380800
2000-06-20,24.3125,24.3125,23.75,23.875,7.0494,452200
2000-06-21,23.9375,23.9375,23.125,23.375,6.9018,779200
2000-06-22,23.125,23.875,22.875,23.625,6.9756,986000
2000-06-23,23.75,24.375,23.625,24.375,7.197,458400
2000-06-26,24.375,25,24,24.25,7.1601,809200
2000-06-27,24.5,25.625,24.0625,25.25,7.4554,1070400
2000-06-28,25.375,25.75,24.625,25.125,7.4185,540000
2000-06-29,25,25,23.625,24.0625,7.1048,1277200
2000-06-30,24,24.6875,24,24.125,7.1232,769800
2000-07-03,24,24.375,23.5625,23.5625,6.9571,453600
2000-07-05,23.875,23.9375,23.375,23.75,7.0125,1406800
2000-07-06,22.75,22.75,21.875,22.5,6.6434,3638000
2000-07-07,22.5,23.25,22.25,23.25,6.8649,1742800
2000-07-10,23.25,25.375,23,25.1875,7.437,1443800
2000-07-11,24.9375,25.125,24.3125,25,7.3816,534000
2000-07-12,24.75,25.125,24.4375,24.5,7.234,495400
2000-07-13,24.5,24.625,23.375,23.4375,6.9202,1025200
2000-07-14,23.4375,24.1875,23.4375,24.125,7.1232,354800
2000-07-17,24,24.25,23.5,23.9375,7.0679,357600
2000-07-18,23.6875,24.1875,23.5625,24.0625,7.1048,602000
2000-07-19,24,24.0625,22.9375,23.0625,6.8095,726800
2000-07-20,23.125,23.4375,22.6875,22.8125,6.7357,666800
2000-07-21,22.5625,22.75,22,22.25,6.5696,909200
2000-07-24,22.125,22.25,21.4375,21.4375,6.3297,700800
2000-07-25,21.625,21.9375,21.25,21.6875,6.4035,1003400
2000-07-26,21.9375,22.875,21.8125,22.25,6.5696,847200
2000-07-27,22.375,22.6875,21.875,22.1875,6.5512,1196600
2000-07-28,17.5,18.125,16.5625,17.875,5.2778,7752400
2000-07-31,17.875,17.875,17.125,17.5,5.1671,2728800
2000-08-01,17.875,18.125,17.4375,18.0625,5.3332,1698400
2000-08-02,18.125,19,18.0625,18.75,5.5362,1699800
2000-08-03,18.375,18.4375,17.75,18.125,5.3517,1692000
2000-08-04,18.0625,18.4375,18,18.3125,5.407,685600
2000-08-07,18.3125,18.625,18.125,18.5,5.4624,1133600
2000-08-08,18.5,18.625,18.0625,18.4375,5.4439,743200
2000-08-09,18.375,18.5,18,18.375,5.4255,1047400
2000-08-10,18.4375,18.4375,17.75,17.75,5.2409,682800
2000-08-11,18.125,18.375,18,18.25,5.3886,486800
2000-08-14,18.25,18.375,18.0625,18.1875,5.3701,818400
2000-08-15,18.0625,18.1875,17.75,17.875,5.2778,779800
2000-08-16,17.875,18.125,17.5,17.9375,5.2963,1339200
2000-08-17,17.6875,17.9375,17.3125,17.5,5.1671,1052400
2000-08-18,17.375,18.625,17.25,18.25,5.3886,1367000
2000-08-21,18.5625,18.8125,18.25,18.75,5.5362,1309400
2000-08-22,18.75,19.125,18.625,18.9375,5.5916,716800
2000-08-23,19.0625,19.5,18.625,19.25,5.6838,525000
2000-08-24,19.25,19.375,18.8125,18.9375,5.5916,597600
2000-08-25,19.1875,19.375,18.9375,19.25,5.6838,471200
2000-08-28,19.125,19.375,18.8125,19,5.61,554600
2000-08-29,18.875,18.9375,18.25,18.6875,5.5422,1098800
2000-08-30,18.4375,18.5,18,18.375,5.4496,844800
2000-08-31,18,18.3125,17.25,17.25,5.1159,3078400
2000-09-01,16.75,19,16.75,18.9375,5.6164,3928400
2000-09-05,19.1875,19.25,17.5,18.125,5.3754,1526600
2000-09-06,18,18.8125,18,18.6875,5.5422,889200
2000-09-07,18.9375,18.9375,18.25,18.375,5.4496,713200
2000-09-08,18.25,19,18.125,18.625,5.5237,871200
2000-09-11,18.8125,19.1875,18.3125,18.5,5.4866,636000
2000-09-12,18.4375,18.5625,17.9375,18.25,5.4125,1200000
2000-09-13,18,18.0625,17.9375,18,5.3383,1239400
2000-09-14,18,18.125,17.6875,17.75,5.2642,939400
2000-09-15,17.25,18.375,17.25,17.6875,5.2457,1456000
2000-09-18,17.75,17.75,17.125,17.125,5.0788,893200
2000-09-19,17,17.125,16.8125,16.9375,5.0232,662200
2000-09-20,17,17.125,16.375,16.375,4.8564,786000
2000-09-21,16.625,16.9375,16.3125,16.5,4.8935,1078600
2000-09-22,16.125,16.4375,15.8125,16.125,4.7823,905800
2000-09-25,16.1875,16.25,15.625,15.625,4.634,989200
2000-09-26,15.5,15.5,14.75,15,4.4486,1375400
2000-09-27,14.875,15.1875,14.625,14.875,4.4115,1072400
2000-09-28,14.875,15.4375,14.875,15.125,4.4857,928400
2000-09-29,15,16,15,15.5625,4.6154,1558200
2000-10-02,15.5,15.5,14.875,14.875,4.4115,978800
2000-10-03,14.625,15.25,14.625,14.9375,4.4301,833600
2000-10-04,14.8125,15.8125,14.5625,15.1875,4.5042,931400
2000-10-05,15.5625,17.0625,15.5625,16.375,4.8564,2841000
2000-10-06,16.25,16.3125,14.6875,14.8125,4.393,1807000
2000-10-09,15.125,16.0625,15.0625,15.6875,4.6525,844200
2000-10-10,15.5625,16,15,15.6875,4.6525,1166400
2000-10-11,15,15.6875,14.5,14.625,4.3374,2108000
2000-10-12,14.625,14.8125,14.25,14.3125,4.2447,930000
2000-10-13,14.1875,15.125,14.125,14.875,4.4115,1475600
2000-10-16,14.9375,15.75,14.875,15.625,4.634,1066800
2000-10-17,15.4375,15.5,14.9375,15.125,4.4857,868600
2000-10-18,15,15.0625,14.5,14.875,4.4115,854000
2000-10-19,14.5625,15.875,14.5625,15.625,4.634,1390600
2000-10-20,15.5625,15.75,14.875,15.125,4.4857,623200
2000-10-23,15,15.5625,14.875,15,4.4486,520600
2000-10-24,15.0625,15.6875,14.9375,15.25,4.5228,709600
2000-10-25,15.4375,15.5,14.75,14.9375,4.4301,571400
2000-10-26,14.8125,15.125,14.5625,14.6875,4.3559,457800
2000-10-27,14.75,15.25,14.75,15,4.4486,497800
2000-10-30,15.125,16,15.0625,15.8125,4.6896,697800
2000-10-31,15.5625,16.625,15.5625,16.4375,4.8749,1472600
2000-11-01,16.1875,16.3125,15.875,16.125,4.7823,437400
2000-11-02,16.1875,17.5,16,17.1875,5.0974,2027200
2000-11-03,17.3125,17.375,16.5,16.875,5.0047,887200
2000-11-06,17.25,18.0625,16.8125,17.8125,5.2827,1946000
2000-11-07,18.0625,18.375,17.9375,18.3125,5.431,1757400
2000-11-08,18.1875,19.125,18,19,5.6349,1924600
2000-11-09,18.5,18.5625,17.5,18.4375,5.4681,1246400
2000-11-10,18.4375,18.4375,17.125,17.625,5.2271,970600
2000-11-13,17.375,18.1875,17.3125,17.875,5.3013,713000
2000-11-14,17.9375,18.8125,17.875,18.3125,5.431,738000
2000-11-15,18.0625,18.25,17.375,18.125,5.3754,752200
2000-11-16,17.5,17.5,16.75,17.25,5.1159,1783800
2000-11-17,17.25,17.5625,17,17.375,5.153,651200
2000-11-20,17.375,17.375,16.5,16.875,5.0047,603000
2000-11-21,16.875,16.9375,15.875,16.0625,4.7637,1106800
2000-11-22,16.0625,16.125,15.5,15.5625,4.6154,1051800
2000-11-24,15.8125,15.875,15.6875,15.75,4.6711,304000
2000-11-27,16,17.25,16,16.5,4.8935,978400
2000-11-28,16.4375,16.4375,16,16.375,4.8813,1098200
2000-11-29,16.25,16.375,15.875,16.25,4.844,943800
2000-11-30,16.1875,16.25,15.5,16.0625,4.7881,1356800
2000-12-01,16.25,16.3125,15.8125,16,4.7695,476200
2000-12-04,15.8125,17.1875,15.8125,17.125,5.1048,1757000
2000-12-05,16.75,17.625,16.625,16.9375,5.0489,1296000
2000-12-06,16.6875,17.5625,16.5625,16.75,4.993,778600
2000-12-07,16.5625,16.5625,16,16.4375,4.8999,616000
2000-12-08,16.5,16.8125,16.375,16.6875,4.9744,782800
2000-12-11,16.75,16.8125,16,16.25,4.844,647600
2000-12-12,16.25,16.75,15.9375,16.5625,4.9372,1462200
2000-12-13,16.625,16.625,15.8125,16.1875,4.8254,491800
2000-12-14,15.875,16.0625,15.5,15.625,4.6577,523400
2000-12-15,15.375,16.125,15.25,15.625,4.6577,1325000
2000-12-18,16,16.375,15.8125,16.1875,4.8254,1004800
2000-12-19,16.25,16.3125,15.375,15.4375,4.6018,755400
2000-12-20,15.0625,15.875,15,15.8125,4.7136,806800
2000-12-21,14.875,16.375,14.875,15.875,4.7322,998400
2000-12-22,15.6875,16.8125,15.625,16.6875,4.9744,859600
2000-12-26,16.5,16.625,15.9375,16.3125,4.8626,569600
2000-12-27,16.125,18.375,16.0625,18.3125,5.4588,1709200
2000-12-28,18.4375,19.375,17.875,18.75,5.5892,1197800
2000-12-29,18.5625,18.6875,18.0625,18.1875,5.4216,644600
2001-01-02,18.1875,19.0625,18.125,18.3125,5.4588,1002600
2001-01-03,18.375,19.75,18.125,19.75,5.8873,1621400
2001-01-04,19.375,20.875,18.875,20.375,6.0736,1472200
2001-01-05,19.5,19.5,18.5625,18.875,5.6265,1822000
2001-01-08,18.75,18.75,18,18.5625,5.5333,1469600
2001-01-09,18.8125,18.8125,18.5,18.625,5.552,492800
2001-01-10,18.625,18.8125,18.125,18.5,5.5147,381400
2001-01-11,18.5,18.875,18.1875,18.375,5.4774,692600
2001-01-12,18.625,18.875,18.1875,18.875,5.6265,393200
2001-01-16,18.6875,18.875,18.1875,18.75,5.5892,961800
2001-01-17,18.8125,18.875,18.4375,18.8125,5.6079,427200
2001-01-18,18.4375,18.625,18.0625,18.0625,5.3843,646200
2001-01-19,17.8125,17.9375,17.1875,17.5,5.2166,691200
2001-01-22,17.25,18.5625,17.125,18.4375,5.4961,832400
2001-01-23,18.4375,18.5,18.25,18.4375,5.4961,536200
2001-01-24,18.1875,18.625,18.125,18.5,5.5147,614400
2001-01-25,18.5,19.6875,18.25,19,5.6638,1191800
2001-01-26,19,19.375,18.875,19.0625,5.6824,474800
2001-01-29,18.94,19.65,18.55,19.6,5.8426,491000
2001-01-30,19.6,20,19.15,19.54,5.8247,613600
2001-01-31,19.34,21,19.3,20.39,6.0781,1534200
2001-02-01,20.39,20.5,20.02,20.35,6.0662,2246800
2001-02-02,20.35,20.38,19.9,19.96,5.9499,1640600
2001-02-05,20,20.25,19.31,19.32,5.7591,1019200
2001-02-06,19.9,20.04,19.38,19.49,5.8098,656400
2001-02-07,19.49,20.44,19.49,20.18,6.0155,531000
2001-02-08,20.1,20.23,18.6,18.99,5.6608,1329400
2001-02-09,18.99,19.47,18.26,18.34,5.467,727000
2001-02-12,18.62,19.4,18.51,19.2,5.7234,1387400
2001-02-13,19.25,19.5,19.01,19.37,5.774,485600
2001-02-14,19.25,19.61,19.06,19.5,5.8128,917200
2001-02-15,19.4,20.18,19.2,20.18,6.0155,982800
2001-02-16,20.1,20.75,20,20.51,6.1139,1299000
2001-02-20,20.52,21.17,20.2,21.06,6.2778,1340400
2001-02-21,20.85,20.85,19.44,19.47,5.8039,1797400
2001-02-22,19.46,19.47,18.05,18.91,5.6369,2312200
2001-02-23,18.5,19.3,18.1,18.9,5.6339,1196200
2001-02-26,19.15,19.35,18.9,19.16,5.7369,1150200
2001-02-27,19.17,19.18,18.75,19,5.689,992600
2001-02-28,19,19.1,17.99,18.45,5.5244,1849400
2001-03-01,18.46,18.46,17.75,17.93,5.3687,1723200
2001-03-02,17.75,17.75,17.26,17.75,5.3148,779800
2001-03-05,17.75,18.1,17.6,17.74,5.3118,1004400
2001-03-06,17.7,18,17.65,17.93,5.3687,1433400
2001-03-07,17.94,18.25,17.83,18.21,5.4525,1375800
2001-03-08,18.18,18.39,18.13,18.36,5.4974,1018200
2001-03-09,18.31,18.37,18.1,18.29,5.4764,668800
2001-03-12,18.3,18.3,17.65,17.66,5.2878,625200
2001-03-13,17.5,17.55,17.03,17.31,5.183,897000
2001-03-14,17.16,17.25,16.75,17.15,5.1351,727400
2001-03-15,16.75,18,16.75,17.75,5.3148,1238600
2001-03-16,17.5,17.75,16.95,16.99,5.0872,2055400
2001-03-19,17.3,17.56,17.25,17.41,5.213,830600
2001-03-20,17.65,18.04,17.54,17.72,5.3058,1128600
2001-03-21,17.71,17.72,17.25,17.25,5.165,797400
2001-03-22,17.05,17.05,16.1,16.3,4.8806,1693000
2001-03-23,16.3,16.8,16.11,16.4,4.9105,1265000
2001-03-26,16.64,16.74,16.15,16.42,4.9165,1083600
2001-03-27,16.43,16.43,15.8,16.25,4.8656,2147000
2001-03-28,16.26,16.26,15.6,16.06,4.8087,830800
2001-03-29,16.01,16.45,15.76,16.35,4.8956,728800
2001-03-30,16.3,16.43,16,16.28,4.8746,1046800
2001-04-02,16.52,16.69,16.25,16.46,4.9285,842000
2001-04-03,16.3,16.75,15.77,15.86,4.7488,834800
2001-04-04,15.96,16.3,15.9,16.02,4.7968,622200
2001-04-05,16.26,16.85,16,16.81,5.0333,1022200
2001-04-06,16.6,16.85,16.12,16.62,4.9764,884600
2001-04-09,16.95,17.1,16.785,16.88,5.0543,1123400
2001-04-10,16.81,17.45,16.81,17.25,5.165,699200
2001-04-11,17.26,17.35,16.7,16.9,5.0602,1219200
2001-04-12,16.89,16.89,16.25,16.59,4.9674,843200
2001-04-16,16.59,16.72,16.14,16.4,4.9105,618800
2001-04-17,16.4,16.79,16.39,16.55,4.9555,560000
2001-04-18,16.75,17.99,16.75,17.7,5.2998,1140600
2001-04-19,17.75,17.93,17.46,17.92,5.3657,687400
2001-04-20,17.72,17.85,17.2,17.46,5.2279,1109000
2001-04-23,17.26,18.04,17.25,17.82,5.3357,875800
2001-04-24,17.8,17.8,16.58,17.17,5.1411,2184800
2001-04-25,17.2,17.2,16.9,17.03,5.0992,744800
2001-04-26,17.03,17.58,16.9,17.55,5.2549,1069000
2001-04-27,17.75,18.28,17.7,18.18,5.4435,1301600
2001-04-30,18.1,18.45,17.9,18.39,5.5064,698200
2001-05-01,18.29,18.46,18.23,18.46,5.5273,392400
2001-05-02,18.5,18.65,18.35,18.6,5.5693,609600
2001-05-03,18.55,18.65,18.35,18.45,5.5244,701400
2001-05-04,18.25,18.84,18.02,18.8,5.6292,680600
2001-05-07,18.55,18.55,18,18.26,5.4675,1174600
2001-05-08,18.5,18.5,17.85,18,5.3896,626400
2001-05-09,18.1,18.1,17.71,17.92,5.3657,355000
2001-05-10,18.07,18.72,18.05,18.3,5.4794,947200
2001-05-11,18.4,18.5,18.14,18.3,5.4794,548800
2001-05-14,17.95,18.2,17.8,18,5.3896,926200
2001-05-15,18,18.06,17.85,17.97,5.3806,839400
2001-05-16,17.97,18.25,17.78,18.19,5.4465,1175400
2001-05-17,18.14,18.58,18.1,18.55,5.5543,856200
2001-05-18,18.56,18.69,18.16,18.63,5.5783,919000
2001-05-21,18.39,18.99,18.35,18.95,5.6741,1263200
2001-05-22,19,19.19,18.9,19.07,5.71,1276200
2001-05-23,19.08,19.08,18.09,18.39,5.5064,870400
2001-05-24,18.44,18.65,18.43,18.56,5.5573,1049400
2001-05-25,18.2,18.61,18.1,18.55,5.5543,817600
2001-05-29,18.6,18.73,18.51,18.65,5.6095,789800
2001-05-30,18.55,18.6,18.4,18.4,5.5343,770400
2001-05-31,18.38,18.6,18.29,18.53,5.5734,544600
2001-06-01,18.5,18.53,18.05,18.1,5.4441,525400
2001-06-04,17.92,18.15,17.71,17.94,5.396,512600
2001-06-05,17.94,18.45,17.83,18.45,5.5493,668000
2001-06-06,18.3,18.5,18.2,18.36,5.5223,323600
2001-06-07,18.12,18.35,17.9,18.06,5.432,506800
2001-06-08,18.065,18.45,18.065,18.36,5.5223,260400
2001-06-11,18.26,18.47,18.16,18.45,5.5493,586000
2001-06-12,18.3,18.5,18.13,18.39,5.5313,481600
2001-06-13,18.4,18.5,18.35,18.4,5.5343,428200
2001-06-14,18.35,18.45,18.01,18.05,5.429,277200
2001-06-15,17.55,17.98,17.55,17.91,5.3869,969000
2001-06-18,17.8,18.25,17.75,18,5.414,456400
2001-06-19,18.1,18.35,17.85,17.96,5.402,534600
2001-06-20,18,18.14,17.97,18.06,5.432,495000
2001-06-21,17.91,18.36,17.85,18.3,5.5042,722000
2001-06-22,18.3,18.3,17.89,18.12,5.4501,514200
2001-06-25,18.02,18.1,17.8,18,5.414,873600
2001-06-26,17.9,18.1,17.8,17.99,5.411,858400
2001-06-27,18.08,18.08,17.65,17.73,5.3328,343000
2001-06-28,17.73,18.15,17.7,18.15,5.4591,649000
2001-06-29,18,18.82,18,18.55,5.5794,829800
2001-07-02,18.56,18.65,18.06,18.1,5.4441,534400
2001-07-03,18.3,18.3,18,18.07,5.4351,267200
2001-07-05,17.7,17.91,17.6,17.72,5.3298,1392600
2001-07-06,17.67,17.67,17,17,5.1132,1102200
2001-07-09,17.1,17.25,17,17.2,5.1734,837000
2001-07-10,17.6,17.94,17.4,17.75,5.3388,1356000
2001-07-11,17.76,18.3,17.7,18.2,5.4742,1145000
2001-07-12,18.5,18.95,18.33,18.88,5.6787,604400
2001-07-13,18.89,19.25,18.59,19.25,5.79,776400
2001-07-16,19.25,19.49,19.2,19.26,5.793,455000
2001-07-17,19.2,19.35,19.04,19.26,5.793,472800
2001-07-18,19.26,19.97,19.15,19.97,6.0065,976000
2001-07-19,19.75,20.5,19.61,20.47,6.1569,1554600
2001-07-20,20.43,21.2,20.38,21.04,6.3284,1601800
2001-07-23,20.9,21.34,20.82,21.16,6.3645,989600
2001-07-24,21,21.72,20.9,21.72,6.5329,1832000
2001-07-25,21.72,22.61,21.7,22.5,6.7675,3101400
2001-07-26,22.6,22.7,21.47,21.6,6.4968,1992600
2001-07-27,21.7,21.81,21.19,21.66,6.5148,1152200
2001-07-30,21.6,21.95,21.2,21.92,6.593,621400
2001-07-31,21.95,22.75,21.76,22.5,6.7675,791600
2001-08-01,22.4,22.6,22.07,22.33,6.7164,752400
2001-08-02,22.2,22.65,22,22.57,6.7886,702000
2001-08-03,22.57,22.94,22.34,22.94,6.8998,1137400
2001-08-06,22.94,22.97,22.32,22.38,6.7314,1339000
2001-08-07,22.3,22.3,21.58,21.9,6.587,2076000
2001-08-08,21.9,22.45,21.5,21.6,6.4968,1307000
2001-08-09,21.75,21.82,21.3,21.4,6.4366,699800
2001-08-10,21.2,21.41,20.95,21.2,6.3765,939600
2001-08-13,21.4,21.43,21.01,21.25,6.3915,500600
2001-08-14,21.2,21.53,21.1,21.23,6.3855,616200
2001-08-15,21.23,21.7,21.2,21.54,6.4788,430600
2001-08-16,21.4,21.46,21.05,21.4,6.4366,987400
2001-08-17,21.5,21.5,20.8,20.83,6.2652,1048600
2001-08-20,20.85,21.1,20.74,21,6.3163,638000
2001-08-21,21,21,19.99,20,6.0156,1577400
2001-08-22,20.2,20.25,20,20.17,6.0667,822200
2001-08-23,20.2,20.3,19.61,19.83,5.9644,861600
2001-08-24,19.83,20.9,19.6,20.9,6.2863,818800
2001-08-27,20.9,21,20.31,20.37,6.1268,360600
2001-08-28,20.27,20.27,19.8,19.95,6.0005,342200
2001-08-29,19.96,20,19.525,19.81,5.9836,415800
2001-08-30,19.75,19.85,19,19,5.7389,630000
2001-08-31,19.15,20.05,19.05,20.05,6.0561,1043200
2001-09-04,20.05,21,20.05,20.75,6.2675,1587000
2001-09-05,20.6,20.75,20.05,20.46,6.1799,1294200
2001-09-06,20.3,20.4,19.62,19.83,5.9896,925600
2001-09-07,19.58,19.58,18.8,19.15,5.7842,1291000
2001-09-10,18.85,19.08,18.78,19.02,5.745,1050400
2001-09-17,18.42,18.42,16.32,16.32,4.9294,1402800
2001-09-18,16.3,16.4,15.78,16.06,4.8509,1281400
2001-09-19,16.07,16.1,15.27,15.66,4.7301,1530200
2001-09-20,15.6,15.65,14.8,14.87,4.4915,1234400
2001-09-21,14.37,15.1,14.36,14.86,4.4885,1289800
2001-09-24,15.2,16.21,15.15,16.2,4.8932,1449000
2001-09-25,16.5,16.96,15.68,16,4.8328,1751600
2001-09-26,16,16,14.45,14.93,4.5096,2840400
2001-09-27,14.73,14.74,13.8,14.43,4.3586,1804200
2001-09-28,14.53,14.9,14.18,14.45,4.3646,2719800
2001-10-01,14.46,14.46,13.92,14.25,4.3042,2009800
2001-10-02,14.35,15.1,14.25,14.98,4.5247,1227600
2001-10-03,14.98,15.89,14.86,15.32,4.6274,1690600
2001-10-04,15.55,16.119,15.2,15.67,4.7331,1561000
2001-10-05,15.57,16.14,15.28,15.98,4.8268,807200
2001-10-08,15.48,15.6,15.28,15.46,4.6697,667200
2001-10-09,15.46,15.6,15.05,15.17,4.5821,1083800
2001-10-10,15.17,15.9,14.5,15.83,4.7814,3299600
2001-10-11,15.75,16.75,15.7,16.36,4.9415,1804800
2001-10-12,16.2,16.24,15.65,15.87,4.7935,630000
2001-10-15,15.82,15.9,15.58,15.82,4.7784,501000
2001-10-16,16.05,16.2,15.91,16.17,4.8841,488200
2001-10-17,16.1,16.22,15.29,15.29,4.6183,1265600
2001-10-18,15.4,15.4,14.91,15,4.5307,629800
2001-10-19,15.03,15.8,14.71,15.68,4.7361,971000
2001-10-22,15.68,15.68,15.1,15.15,4.5761,1278200
2001-10-23,15.2,15.6,14.75,14.96,4.5187,1604800
2001-10-24,15,15,14.6,14.6,4.4099,737000
2001-10-25,14.55,15.19,14.22,14.98,4.5247,829800
2001-10-26,14.88,15.57,14.8,15.54,4.6939,1007000
2001-10-29,15.51,15.51,14.85,14.9,4.5005,520800
2001-10-30,14.8,14.85,14,14.1,4.2589,831800
2001-10-31,14.2,14.89,14.04,14.1,4.2589,1154600
2001-11-01,14.5,14.65,14.3,14.6,4.4099,719200
2001-11-02,14.36,15,14.25,14.65,4.425,628000
2001-11-05,14.75,15.53,14.71,15.51,4.6848,927800
2001-11-06,15.5,15.88,15,15.78,4.7663,540200
2001-11-07,15.7,16.03,15.35,15.98,4.8268,1010400
2001-11-08,15.98,16.68,15.59,15.64,4.7241,1050800
2001-11-09,15.54,15.9,15.41,15.77,4.7633,275200
2001-11-12,15.62,16.03,15.2,15.7,4.7422,346600
2001-11-13,15.9,16.4,15.8,16.28,4.9174,446000
2001-11-14,16.45,17.38,16.4,17.36,5.2436,1404000
2001-11-15,17.3,18.4,17.29,17.82,5.3825,2322600
2001-11-16,20.73,21.4,19.61,19.85,5.9957,7846000
2001-11-19,20,20.8,19.95,20.08,6.0652,1932200
2001-11-20,20.08,20.68,20.05,20.16,6.0893,1442200
2001-11-21,20,20.48,19.9,20.09,6.0682,1221800
2001-11-23,20.25,20.88,20.19,20.23,6.1105,813000
2001-11-26,19.98,20.15,19.5,20.07,6.0621,1869200
2001-11-27,20,20.24,19.61,20.01,6.044,1009200
2001-11-28,19.7,19.76,19.4,19.47,5.9057,1761800
2001-11-29,19.5,19.5,19.02,19.11,5.7965,1285600
2001-11-30,19.15,19.37,18.7,18.93,5.7419,1296400
2001-12-03,18.93,18.93,18.45,18.61,5.6448,1112000
2001-12-04,18.51,18.99,18.46,18.93,5.7419,1003600
2001-12-05,18.89,19.84,18.85,19.74,5.9876,1185800
2001-12-06,19.4,19.97,19.4,19.7,5.9755,994600
2001-12-07,19.3,19.45,19.14,19.44,5.8966,863800
2001-12-10,19.4,19.43,19.15,19.31,5.8572,869000
2001-12-11,19.06,19.25,18.8,19.03,5.7722,1068800
2001-12-12,18.78,19,18.52,18.92,5.7389,738200
2001-12-13,18.72,18.73,18.35,18.57,5.6327,767600
2001-12-14,18.47,18.8,18.25,18.64,5.6539,591400
2001-12-17,18.71,18.85,18.15,18.8,5.7025,915200
2001-12-18,18.8,18.98,18.6,18.93,5.7419,567200
2001-12-19,18.92,18.99,18.42,18.94,5.7449,817600
2001-12-20,18.9,19.5,18.84,19.32,5.8602,1281600
2001-12-21,19.3,19.49,19.2,19.37,5.8754,1404400
2001-12-24,19.37,19.63,19.15,19.56,5.933,391200
2001-12-26,19.75,20.47,19.72,19.91,6.0392,791000
2001-12-27,19.92,20.35,19.7,19.97,6.0574,645000
2001-12-28,19.87,20.4,19.78,20.37,6.1787,717000
2001-12-31,20.5,20.7,20.2,20.23,6.1362,1335200
2002-01-02,20.08,20.15,19.65,19.91,6.0392,1203000
2002-01-03,20.16,20.79,20.03,20.61,6.2515,992600
2002-01-04,20.66,21.25,20.62,21.05,6.3849,1108600
2002-01-07,21.3,21.3,20.49,20.81,6.3121,945000
2002-01-08,22.5,23,21.68,22.37,6.7853,4265400
2002-01-09,22.63,22.99,21.5,21.61,6.5548,1618400
2002-01-10,21.62,22.25,21.62,21.93,6.6519,900600
2002-01-11,21.98,21.98,21.4,21.41,6.4941,747000
2002-01-14,21.21,21.5,20.93,20.99,6.3667,636600
2002-01-15,21,21.17,20.82,20.93,6.3485,944800
2002-01-16,20.8,20.9,20.44,20.66,6.2667,983200
2002-01-17,20.67,20.85,20.4,20.81,6.3121,711400
2002-01-18,20.76,21.54,20.56,21.47,6.5123,1082000
2002-01-22,21.5,21.95,21.5,21.79,6.6094,764400
2002-01-23,21.75,22.29,21.67,22.2,6.7338,948400
2002-01-24,23.5,24.74,23,24.25,7.3556,5290200
2002-01-25,24.1,24.71,23.86,24.06,7.2979,2185800
2002-01-28,24.1,25.5,24.1,25.1,7.6134,3477400
2002-01-29,24.85,25.45,24.7,24.88,7.5467,2191200
2002-01-30,24.95,25.36,24.72,25.05,7.5982,2063000
2002-01-31,25,25.35,24.85,25.3,7.6741,1862000
2002-02-01,25,25.27,24.85,24.98,7.577,1177800
2002-02-04,24.97,25.06,24.5,24.52,7.4375,1353800
2002-02-05,24.37,24.8,24.2,24.32,7.3768,1079400
2002-02-06,24.17,24.55,23.95,24.07,7.301,830600
2002-02-07,24,24.5,23.57,23.58,7.1524,2894600
2002-02-08,23.58,23.58,22.44,23.06,6.9946,3123000
2002-02-11,23.08,23.73,23,23.4,7.0978,1878800
2002-02-12,23.5,23.73,23.08,23.62,7.1645,1033400
2002-02-13,23.65,25.38,23.51,25.3,7.6741,3336400
2002-02-14,25.3,25.3,24.5,24.67,7.483,1439200
2002-02-15,26,26,24.78,24.91,7.5558,3492400
2002-02-19,24.5,24.9,24.31,24.41,7.4041,896000
2002-02-20,24.61,25.28,24.44,25.1,7.6134,999800
2002-02-21,24.85,26.15,24.85,25.38,7.6983,1757000
2002-02-22,24.9,25.21,24.5,25.08,7.6073,3113400
2002-02-25,25.07,25.9,25.07,25.36,7.6923,1287600
2002-02-26,25.5,25.9,25.32,25.82,7.8578,1105200
2002-02-27,25.83,26.25,25.3,25.58,7.7848,1340400
2002-02-28,25.5,25.76,25.05,25.46,7.7483,846000
2002-03-01,25.47,26,25.15,25.91,7.8852,1273200
2002-03-04,25.91,26.29,25.6,26.23,7.9826,1214200
2002-03-05,25.75,25.82,25.14,25.36,7.7178,1306200
2002-03-06,25.16,25.85,24.98,25.85,7.867,944000
2002-03-07,26,26.14,25.01,25.41,7.733,1887200
2002-03-08,25.55,25.75,24.9,25.4,7.73,1425000
2002-03-11,25.65,25.75,25.22,25.7,7.8213,1059600
2002-03-12,25.7,26.2,25.5,26.2,7.9735,757800
2002-03-13,26.19,26.19,25.19,25.74,7.8335,1054400
2002-03-14,25.74,26.08,25.65,25.89,7.8791,590000
2002-03-15,25.89,25.98,25.53,25.98,7.9065,807200
2002-03-18,25.65,26.01,24.86,25.93,7.8913,1061400
2002-03-19,25.83,26.15,25.55,25.65,7.8061,703200
2002-03-20,25.4,25.45,24.9,25.22,7.6752,1466000
2002-03-21,25.1,25.15,24.41,24.79,7.5444,788600
2002-03-22,24.7,24.87,24.5,24.76,7.5352,599800
2002-03-25,24.7,24.7,23.8,23.9,7.2735,547600
2002-03-26,23.91,24.9,23.9,24.5,7.4561,802400
2002-03-27,24.45,24.48,23.9,24.24,7.377,696400
2002-03-28,24.25,24.7,24.24,24.5,7.4561,623200
2002-04-01,24.51,24.5101,23.3,23.58,7.1761,1767200
2002-04-02,23.58,23.58,22.15,22.37,6.8079,1608800
2002-04-03,22.3,23,22.25,22.5,6.8474,1241600
2002-04-04,22.6,23.77,22.45,23.45,7.1366,1391600
2002-04-05,23.6,24.01,23.55,23.57,7.1731,447800
2002-04-08,23.5,24.24,23.29,24.02,7.31,819800
2002-04-09,24.25,24.69,23.62,24.41,7.4287,1885000
2002-04-10,24.55,25.24,24.31,25.19,7.6661,1194400
2002-04-11,25,25.12,24.21,24.23,7.3739,1581000
2002-04-12,24.23,24.5,24.21,24.45,7.4409,488600
2002-04-15,24.5,24.59,24,24.14,7.3465,525400
2002-04-16,24.27,24.55,24.25,24.48,7.45,604800
2002-04-17,24.23,24.93,24.18,24.53,7.4652,792800
2002-04-18,24.73,24.99,24.39,24.85,7.5626,567200
2002-04-19,25,25.1,24.76,24.92,7.5839,592000
2002-04-22,24.92,25,24.04,24.28,7.3892,801400
2002-04-23,24.28,24.69,24.15,24.4,7.4257,410400
2002-04-24,24.45,24.74,23.77,23.82,7.2492,650600
2002-04-25,23.82,23.82,23.2,23.58,7.1761,971400
2002-04-26,23.75,24.05,23.45,23.52,7.1579,684200
2002-04-29,23.45,23.65,23.26,23.29,7.0879,985800
2002-04-30,23.29,23.8,23.05,23.46,7.1396,660800
2002-05-01,23.5,23.58,23,23.5,7.1518,494800
2002-05-02,23.5,23.59,23.25,23.45,7.1366,689200
2002-05-03,23.45,23.45,22.5,22.91,6.9722,689400
2002-05-06,22.91,23.13,22.5,22.51,6.8505,560400
2002-05-07,22.59,23.15,22.45,23.01,7.0027,608800
2002-05-08,23.4,23.6,22.8,23.08,7.024,1179400
2002-05-09,23.7,24.41,23.65,23.71,7.2157,1650600
2002-05-10,23.8,24.6,23.8,24.23,7.3739,1453600
2002-05-13,24.32,24.71,24.32,24.46,7.4439,682600
2002-05-14,24.9,25.93,24.8,25.75,7.8365,2003200
2002-05-15,25.75,26.54,25.72,26.37,8.0252,1742600
2002-05-16,26.12,26.25,25.6,26.2,7.9735,821400
2002-05-17,26,26.87,25.94,26.07,7.9339,695600
2002-05-20,25.82,25.9,25.3,25.73,7.8304,762800
2002-05-21,25.73,25.74,24.85,25,7.6083,804800
2002-05-22,24.75,24.99,24.57,24.81,7.5504,688000
2002-05-23,24.82,25.4,24.81,25.36,7.7178,538400
2002-05-24,25.36,25.74,25.09,25.1,7.6387,476000
2002-05-28,25,25.15,24.25,24.55,7.4713,603600
2002-05-29,24.54,24.73,24,24.24,7.4023,545000
2002-05-30,24.14,24.19,23.2,23.65,7.2221,826200
2002-05-31,23.8,24.7,23.77,24.62,7.5184,1092000
2002-06-03,24.55,24.75,24.08,24.15,7.3748,844400
2002-06-04,23.95,24,23,23.41,7.1488,1595600
2002-06-05,23.42,24.3,23.42,24.27,7.4115,1230800
2002-06-06,24.6,24.85,23.95,24,7.329,1264200
2002-06-07,24.01,24.52,23.64,24.42,7.4573,706400
2002-06-10,24.45,25,24.3,24.52,7.4878,409600
2002-06-11,24.52,25.23,24.12,24.2,7.3901,1154000
2002-06-12,24.2,24.67,24,24.62,7.5184,855600
2002-06-13,24.52,24.52,23.51,23.53,7.1855,603400
2002-06-14,23.45,23.49,22.6,23.42,7.1519,1123400
2002-06-17,23.49,24.35,23.41,24.3,7.4206,722800
2002-06-18,24.05,24.25,23.7,23.76,7.2557,748200
2002-06-19,23.68,23.98,23.45,23.75,7.2527,689800
2002-06-20,23.75,24,23.26,23.26,7.103,652800
2002-06-21,22.8,23.4,22.73,22.8,6.9626,1001600
2002-06-24,22.88,23.1,22.21,22.86,6.9809,547600
2002-06-25,23,23.3,22.37,22.4,6.8404,554000
2002-06-26,22.4,22.41,21.52,22.25,6.7946,1094800
2002-06-27,22.65,22.71,21.6,22.49,6.8679,959200
2002-06-28,22.55,23.1,22.48,22.65,6.9168,1255200
2002-07-01,22.4,22.81,21.81,21.95,6.703,734600
2002-07-02,21.94,21.94,20.75,21.03,6.4221,1300600
2002-07-03,20.6,21.37,20.35,21.09,6.4404,910400
2002-07-05,21.2,22.35,21.16,22.24,6.7916,323600
2002-07-08,22.24,22.64,22.15,22.35,6.8251,764600
2002-07-09,22.3,23,21.9,22,6.7183,919400
2002-07-10,22.15,22.32,21.25,21.32,6.5106,1052000
2002-07-11,21.25,21.44,20.04,20.79,6.3488,1563800
2002-07-12,20.85,20.94,19.78,19.78,6.0403,1365200
2002-07-15,19.6,19.61,17.91,19.02,5.8082,1955200
2002-07-16,18.9,19.13,17.83,18.82,5.7472,2138800
2002-07-17,18.92,19.3,18.05,18.69,5.7075,2232200
2002-07-18,18.5,19.54,18.4,18.79,5.738,1055800
2002-07-19,18.59,18.6,17.8,17.95,5.4815,1309600
2002-07-22,17.85,18.46,16.77,17.31,5.2861,1590800
2002-07-23,17.61,18.15,17.02,17.6,5.3746,1233000
2002-07-24,17.5,18.97,16.58,18.9,5.7716,1202200
2002-07-25,18.9,18.97,17.86,18.3,5.5884,2343800
2002-07-26,18.3,18.97,18.2,18.41,5.622,1867800
2002-07-29,18.91,20.1,18.9,19.85,6.0617,1770800
2002-07-30,19.85,20.04,18.9,19.58,5.9793,1157800
2002-07-31,19.4,19.4,18.35,18.9,5.7716,1294000
2002-08-01,18.7,18.88,17.85,17.99,5.4937,1181600
2002-08-02,18,18,16.51,17.06,5.2097,1910200
2002-08-05,16.81,17.29,16.55,16.72,5.1059,1419400
2002-08-06,16.97,18,16.85,17.74,5.4174,1438600
2002-08-07,17.84,18.06,16.46,17.31,5.2861,1739800
2002-08-08,17.62,17.62,16.58,17.42,5.3196,1516200
2002-08-09,17.42,17.69,16.93,17.56,5.3624,805800
2002-08-12,17.11,17.5,16.9,17.38,5.3074,1231400
2002-08-13,17.05,17.97,17.01,17.23,5.2616,898800
2002-08-14,17.24,18.5,17.24,18.44,5.6311,804800
2002-08-15,19.8,21.5,19.5,20.62,6.2968,3043000
2002-08-16,20.6,21,19.91,20.68,6.3152,1558600
2002-08-19,20.38,21.16,20.15,20.98,6.4068,1014600
2002-08-20,20.98,21.15,20.31,20.81,6.3549,826200
2002-08-21,20.84,21.2,20.5,20.6,6.2907,1679000
2002-08-22,20.78,20.82,20.45,20.82,6.3579,1263400
2002-08-23,20.67,20.68,20.1,20.18,6.1625,1305600
2002-08-26,20.2,20.4,19.86,20.13,6.1472,1735800
2002-08-27,19.88,19.89,18.5,19.17,5.8541,2389600
2002-08-28,18.82,19.01,18.65,18.98,5.8244,1645000
2002-08-29,18.9,19.11,18.38,18.94,5.8121,1115200
2002-08-30,18.9,19.4,18.8,19.33,5.9318,1360800
2002-09-03,19.08,19.35,18.62,19.19,5.8889,1124600
2002-09-04,19.19,19.96,19.1,19.91,6.1098,1196400
2002-09-05,19.56,19.67,18.85,19.31,5.9257,824800
2002-09-06,20.45,21.25,20.05,21.15,6.4903,2194600
2002-09-09,21.35,21.72,20.82,21.34,6.5486,2079600
2002-09-10,21.36,21.65,21.2,21.65,6.6438,1010800
2002-09-11,21.85,21.93,21.34,21.41,6.5701,545800
2002-09-12,21.2,21.2,20.83,20.93,6.4228,722800
2002-09-13,20.7,21.27,20.43,21.24,6.5179,719600
2002-09-16,21.1,21.45,20.8,21,6.4443,1053400
2002-09-17,21.6,21.69,20.79,20.95,6.4289,901400
2002-09-18,20.75,21,20.41,20.55,6.3062,1911800
2002-09-19,20.56,20.76,20.25,20.45,6.2755,897600
2002-09-20,20.5,20.85,20.31,20.6,6.3215,1427600
2002-09-23,20.35,20.35,19.2,19.55,5.9993,1479800
2002-09-24,19.5,19.51,18.95,19.22,5.8981,1019800
2002-09-25,19.47,20,19.15,19.65,6.03,993600
2002-09-26,19.72,20.35,19.66,20.19,6.1957,980000
2002-09-27,20.2,20.2,19.26,19.35,5.938,920800
2002-09-30,18.86,18.86,17.5,17.94,5.5053,2963800
2002-10-01,17.94,18,16.94,17.77,5.4531,2257000
2002-10-02,17.77,18.17,17.35,17.8,5.4623,1499800
2002-10-03,17.8,17.9,16.91,17,5.2168,1263400
2002-10-04,17.02,17.35,16.2,16.99,5.2137,1653600
2002-10-07,16.99,16.99,15.3,15.71,4.8209,3350000
2002-10-08,15.85,16.61,15.06,16.23,4.9805,3520200
2002-10-09,15.93,16,15.34,15.49,4.7534,1235200
2002-10-10,15.49,17.1,15.49,16.97,5.2076,3866600
2002-10-11,17.5,19.57,17.4,18.61,5.7109,4199000
2002-10-14,18.61,19.1,18.26,18.36,5.6341,1544400
2002-10-15,19.36,19.92,19.14,19.3,5.9226,1880000
2002-10-16,19.05,19.29,18.01,18.3,5.6157,1296200
2002-10-17,18.95,19.13,18.64,18.89,5.7968,1393400
2002-10-18,18.87,19.36,18.6,19.22,5.8981,1485400
2002-10-21,19,19.5,18.54,19.48,5.9778,993800
2002-10-22,19.4,19.94,18.94,19.49,5.9809,1357000
2002-10-23,19.17,20.3,19,20.04,6.1497,1932000
2002-10-24,20.25,20.6,19.89,20.15,6.1834,1414000
2002-10-25,20.15,21.1,19.91,20.98,6.4382,1449600
2002-10-28,21,21.2,19.83,19.93,6.1159,1205200
2002-10-29,19.94,20.51,19.08,20.22,6.2049,1347800
2002-10-30,20.22,20.3,19.5,20.07,6.1589,1496600
2002-10-31,20.15,20.6,19.9,19.92,6.1129,1136400
2002-11-01,19.92,20.75,19.83,20.68,6.3461,1529400
2002-11-04,20.85,20.9,19.83,19.91,6.1098,1190000
2002-11-05,20,21,20,21,6.4443,1762400
2002-11-06,21,21.48,20.75,21.3,6.5364,1512200
2002-11-07,21.55,22.3,21.5,21.88,6.7143,3725200
2002-11-08,21.95,22.24,21.67,22,6.7512,1908800
2002-11-11,21.82,21.82,21.04,21.37,6.5578,1057600
2002-11-12,21.2,22.39,20.9,22.03,6.7604,1898600
2002-11-13,18.5,19.65,18.27,19.12,5.8674,10980000
2002-11-14,19.3,20.4,19.1,20.17,6.1896,3556800
2002-11-15,19.85,20.29,19.8,20.11,6.1712,1877600
2002-11-18,19.86,19.99,19.05,19.46,5.9717,1827200
2002-11-19,19.46,19.46,18.7,19.13,5.8704,2210000
2002-11-20,18.2,20.45,18.2,20.22,6.2049,3079400
2002-11-21,20.23,20.44,19.82,20,6.1374,2080200
2002-11-22,19.95,20.2,19.651,19.82,6.0822,1608600
2002-11-25,19.82,20,19.6,19.91,6.1098,959600
2002-11-26,19.71,19.8,19.4,19.49,6.0091,1016400
2002-11-27,19.59,20.29,19.53,20.22,6.2342,1286000
2002-11-29,20.22,20.3,19.92,20,6.1663,586200
2002-12-02,20.65,21.35,19.88,20,6.1663,1011400
2002-12-03,19.95,20.1,19.25,19.53,6.0214,917000
2002-12-04,19.13,20.62,19.02,20.26,6.2465,2351400
2002-12-05,20.26,20.26,19.49,19.87,6.1263,2146200
2002-12-06,19.62,19.86,19.4,19.75,6.0893,1535200
2002-12-09,19.65,19.65,19.07,19.17,5.9104,1727200
2002-12-10,19.3,19.65,19.01,19.58,6.0369,839800
2002-12-11,19.48,19.77,19.31,19.53,6.0214,2744600
2002-12-12,19.7,19.7,18.75,19.12,5.895,1426200
2002-12-13,19.02,19.08,18.58,18.7,5.7655,857200
2002-12-16,18.7,19.33,18.56,19.31,5.9536,895000
2002-12-17,19.31,19.31,18.65,18.79,5.7933,1242800
2002-12-18,18.63,18.63,18,18.3,5.6422,1319800
2002-12-19,18.3,18.75,18,18,5.5497,1232000
2002-12-20,18.49,19.05,18.4,18.91,5.8303,1759200
2002-12-23,18.92,18.92,18.35,18.78,5.7902,2151000
2002-12-24,18.53,18.82,18.26,18.78,5.7902,610000
2002-12-26,18.79,19.4,18.6,18.89,5.8241,1110800
2002-12-27,18.89,19,18.63,18.79,5.7933,900000
2002-12-30,18.79,19.39,18.4,19.01,5.8611,1353800
2002-12-31,18.91,19.22,18.87,18.97,5.8488,1349800
2003-01-02,19.15,19.62,19.09,19.51,6.0153,1010600
2003-01-03,19.5,19.5,18.93,19.07,5.8796,793600
2003-01-06,19.07,19.26,18.9,19.01,5.8611,1265000
2003-01-07,18.81,19.24,18.81,19.1,5.8889,1041000
2003-01-08,18.85,19.1,18.7,18.8,5.7964,1033400
2003-01-09,19.3,19.5,18.89,19.44,5.9937,2472800
2003-01-10,19.19,19.5,18.94,19.21,5.9228,1611000
2003-01-13,19.23,19.46,18.75,18.83,5.8056,1830800
2003-01-14,18.83,19.33,18.83,19.09,5.8858,632200
2003-01-15,18.84,19.24,18.8,19.18,5.9135,1373400
2003-01-16,19.33,19.51,18.91,19.05,5.8734,1108400
2003-01-17,19.05,19.15,18.7,18.78,5.7902,803200
2003-01-21,18.9,18.9,18.2,18.24,5.6237,956600
2003-01-22,17.99,18.5,17.99,18.22,5.6175,1097800
2003-01-23,18.31,18.72,18.26,18.64,5.747,1091200
2003-01-24,18.49,18.6,18.08,18.19,5.6083,1282600
2003-01-27,18,18.32,17.875,18.08,5.5744,1321200
2003-01-28,18.18,18.49,17.96,18.37,5.6638,1933200
2003-01-29,18.22,18.39,17.98,18.21,5.6145,1182200
2003-01-30,18.36,18.63,17.92,17.99,5.5466,859600
2003-01-31,17.99,18.26,17.92,18.04,5.562,719200
2003-02-03,18.08,18.6,18,18.23,5.6206,939600
2003-02-04,18.1,18.11,17.68,17.75,5.4726,1108800
2003-02-05,17.95,18.11,17.53,17.55,5.411,1426600
2003-02-06,17.7,17.72,17.28,17.34,5.3462,1101600
2003-02-07,17.4,17.51,16.78,16.85,5.1951,1123600
2003-02-10,16.9,17.21,16.75,17.21,5.3061,1114400
2003-02-11,17.45,17.75,17.24,17.27,5.3246,952000
2003-02-12,17.17,17.47,17.15,17.23,5.3123,628400
2003-02-13,17.16,17.21,16.8,17.05,5.2568,949800
2003-02-14,17.04,17.331,16.79,17.31,5.337,799800
2003-02-18,17.31,17.7,17.25,17.7,5.4572,659800
2003-02-19,17.7,17.72,17.04,17.25,5.3185,518000
2003-02-20,17.45,17.45,16.91,17.17,5.2938,1121200
2003-02-21,17.07,17.3,16.9,17.24,5.3154,2213200
2003-02-24,17.24,17.25,16.41,16.63,5.1273,1844200
2003-02-25,16.3,17,16.06,17,5.2414,2978800
2003-02-26,16.9,16.9,16.42,16.56,5.1339,1322800
2003-02-27,16.59,16.83,16.37,16.83,5.2176,1166000
2003-02-28,17.03,17.07,16.84,17.01,5.2734,1934200
2003-03-03,17.01,17.22,16.9,16.96,5.2579,1524800
2003-03-04,16.92,16.93,16.64,16.71,5.1804,2000000
2003-03-05,16.66,16.75,16.47,16.66,5.1649,1275800
2003-03-06,16.56,17,16.4,16.79,5.2052,1236400
2003-03-07,16.8,17,16.65,16.95,5.2548,3089600
2003-03-10,16.9,17,16.81,16.85,5.2238,1442800
2003-03-11,16.85,17.01,16.43,16.43,5.0936,869800
2003-03-12,16.28,16.58,16.28,16.36,5.0719,1318600
2003-03-13,16.61,16.91,16.48,16.89,5.2362,1562200
2003-03-14,16.98,17.25,16.86,17.18,5.3262,937200
2003-03-17,17.17,18.18,17.06,18.18,5.6362,1522000
2003-03-18,18.28,18.37,17.97,18.1,5.6114,1149600
2003-03-19,18.14,18.36,17.9,18.15,5.6269,1105800
2003-03-20,18,18.41,17.73,18.23,5.6517,1583000
2003-03-21,18.48,18.61,18.2,18.46,5.723,1584200
2003-03-24,18.15,18.19,17.48,17.74,5.4998,1122000
2003-03-25,17.74,17.93,17.63,17.88,5.5432,1072800
2003-03-26,17.89,18,17.65,17.85,5.5339,1087600
2003-03-27,17.8,17.82,17.29,17.49,5.4223,1206200
2003-03-28,17.4,17.45,17.25,17.32,5.3696,787600
2003-03-31,16.5,16.9,15,16.2,5.0223,4960800
2003-04-01,16.2,16.29,15.84,16,4.9603,2042000
2003-04-02,16.35,16.53,16.18,16.23,5.0316,1895000
2003-04-03,16.3,16.6,16.2,16.47,5.106,1326000
2003-04-04,16.55,16.6,16.35,16.53,5.1246,1347200
2003-04-07,16.85,16.97,16.54,16.55,5.1308,1958400
2003-04-08,16.54,16.54,16.13,16.38,5.0781,1583400
2003-04-09,16.38,16.5,16.04,16.1,4.9913,946600
2003-04-10,16.1,16.64,16.05,16.52,5.1215,1692800
2003-04-11,16.62,16.75,16.27,16.41,5.0874,1108200
2003-04-14,16.55,16.83,16.26,16.83,5.2176,1660400
2003-04-15,16.83,17.03,16.66,17,5.2703,978800
2003-04-16,16.95,17.05,16.61,16.61,5.1494,924200
2003-04-17,16.61,17.14,16.55,17.12,5.3076,1228200
2003-04-21,17.12,17.12,16.76,16.88,5.2331,827000
2003-04-22,16.89,17.28,16.64,17.26,5.351,998400
2003-04-23,17.11,17.3,16.94,17.2,5.3324,1054600
2003-04-24,17.05,17.2,16.89,17,5.2703,785400
2003-04-25,16.95,17.1,16.65,16.84,5.2207,781600
2003-04-28,16.84,17.22,16.78,17.13,5.3107,1255200
2003-04-29,17.2,17.52,17.05,17.28,5.3572,1937400
2003-04-30,17.2,17.48,17.09,17.33,5.3727,1325200
2003-05-01,17.23,17.23,16.58,16.9,5.2393,1021000
2003-05-02,16.8,17.27,16.75,17.27,5.3541,2342600
2003-05-05,17.4,17.45,17.09,17.33,5.3727,1443400
2003-05-06,17.3,17.89,17.27,17.69,5.4843,1405200
2003-05-07,17.6,17.9,17.52,17.61,5.4595,1571000
2003-05-08,17.1,17.3,15.81,16.1,4.9913,7658200
2003-05-09,16.21,16.29,15.83,16.02,4.9665,3266000
2003-05-12,16.03,16.6,15.87,16.44,5.0967,2844600
2003-05-13,16.44,17.05,16.41,17.04,5.2828,3457800
2003-05-14,17.04,17.1,16.85,16.95,5.2548,2774600
2003-05-15,16.9,16.91,16.49,16.57,5.137,2373800
2003-05-16,16.58,16.58,15.87,16.16,5.0099,5446600
2003-05-19,16,16,15.78,15.86,4.9169,2730400
2003-05-20,17,17.75,17,17.25,5.3479,6042000
2003-05-21,17.25,17.43,17.05,17.07,5.2921,2730600
2003-05-22,17.09,17.56,17.06,17.5,5.4254,1988200
2003-05-23,17.5,17.55,17.1,17.34,5.3758,1110800
2003-05-27,17.35,17.89,17.06,17.89,5.5463,1992400
2003-05-28,17.69,18.95,17.58,18.19,5.6689,3682200
2003-05-29,18.24,18.42,17.88,17.94,5.591,2166200
2003-05-30,18.25,18.65,18.21,18.65,5.8122,2317400
2003-06-02,18.75,19.03,18.6,18.8,5.859,1956400
2003-06-03,18.9,19,18.62,19,5.9213,1514200
2003-06-04,19,19.2,18.87,19.08,5.9462,1718600
2003-06-05,19,19.74,18.93,19.7,6.1395,2623000
2003-06-06,19.75,19.88,19.51,19.57,6.0989,1258600
2003-06-09,19.47,19.48,18.86,19,5.9213,1036400
2003-06-10,19.08,19.36,18.95,19.32,6.021,1718400
2003-06-11,19.32,19.47,19.18,19.43,6.0553,857400
2003-06-12,19.4,19.5,19.202,19.49,6.074,909800
2003-06-13,19.5,19.56,19.07,19.1,5.9525,1216200
2003-06-16,19.18,19.64,19.16,19.64,6.1208,1065200
2003-06-17,19.74,19.77,19.42,19.55,6.0927,885200
2003-06-18,19.49,19.599,19.25,19.4,6.046,922400
2003-06-19,19.4,19.51,18.99,19.19,5.9805,773400
2003-06-20,19.44,19.48,19.2,19.33,6.0241,1010400
2003-06-23,19.32,19.41,19.11,19.2,5.9836,525600
2003-06-24,19.35,19.59,19.23,19.28,6.0086,508800
2003-06-25,19.42,19.71,19.3,19.41,6.0491,797400
2003-06-26,19.3,19.6,19.1,19.59,6.1052,1013400
2003-06-27,19.63,19.7,19.31,19.39,6.0428,695200
2003-06-30,19.4,19.7,19.4,19.52,6.0834,1156600
2003-07-01,19.5,19.79,19.32,19.79,6.1675,1125800
2003-07-02,19.75,20.06,19.69,19.7,6.1395,1853000
2003-07-03,19.45,19.65,19.4,19.5,6.0771,1273600
2003-07-07,19.55,19.92,19.55,19.92,6.208,1909200
2003-07-08,19.92,20.51,19.9,20.46,6.3763,1891200
2003-07-09,20.56,20.592,20.3,20.4,6.3576,1497200
2003-07-10,20.55,21.11,20.49,20.81,6.4854,3452400
2003-07-11,20.96,21.15,20.87,20.98,6.5384,1943000
2003-07-14,21.35,21.37,21.16,21.2,6.6069,2726400
2003-07-15,21.57,21.75,21.5,21.61,6.7347,2333600
2003-07-16,21.5,21.669,21.23,21.37,6.6599,2035800
2003-07-17,21.27,21.3,20.88,21.01,6.5477,1332600
2003-07-18,21.2,21.24,20.99,21.2,6.6069,1251200
2003-07-21,21.2,21.2,20.66,21.04,6.5571,1788000
2003-07-22,21.03,21.38,20.83,21.29,6.635,1634400
2003-07-23,21.29,21.4,20.93,21.39,6.6661,891600
2003-07-24,21.38,21.45,20.94,20.98,6.5384,1562600
2003-07-25,21,21.38,21,21.28,6.6319,1233200
2003-07-28,21.18,21.65,21.1,21.39,6.6661,1522400
2003-07-29,21.39,21.4,20.93,21.14,6.5882,1006000
2003-07-30,21.14,21.21,20.94,21.13,6.5851,1128000
2003-07-31,21.14,21.34,21.05,21.11,6.5789,1351000
2003-08-01,21.15,21.16,21,21.03,6.5539,756800
2003-08-04,21,21.7,20.81,21.54,6.7129,2011600
2003-08-05,21.59,21.59,21.22,21.3,6.6381,1838000
2003-08-06,21.31,21.9,21.25,21.77,6.7846,1884200
2003-08-07,21.95,22.14,21.86,21.87,6.8157,3008400
2003-08-08,21.75,22.05,21.75,22.02,6.8625,1261200
2003-08-11,22.25,22.52,22.15,22.45,6.9965,2330600
2003-08-12,22.65,23,22.51,22.98,7.1617,1860200
2003-08-13,23,23.2,22.83,22.97,7.1585,1245200
2003-08-14,22.98,23.3,22.81,23.3,7.2614,1101400
2003-08-15,23.25,23.42,23.16,23.42,7.2988,455400
2003-08-18,23.45,23.79,23.4,23.75,7.4016,1078400
2003-08-19,23.6,23.75,23.44,23.72,7.3923,1908600
2003-08-20,23.55,23.81,23.42,23.68,7.3798,1962200
2003-08-21,23.7,24.2,23.66,24,7.4795,3248600
2003-08-22,25,25.8,24.8,25.07,7.813,8619600
2003-08-25,25.07,25.08,24.43,24.74,7.7102,3067400
2003-08-26,24.71,24.88,24.56,24.76,7.7164,4078600
2003-08-27,24.69,24.97,24.56,24.94,7.8019,2750400
2003-08-28,25,25.74,24.91,25.69,8.0365,3778000
2003-08-29,25.59,26.18,25.18,26.07,8.1554,3410600
2003-09-02,26.07,26.42,26.04,26.25,8.2117,3028000
2003-09-03,26.26,26.49,26.19,26.2,8.1961,2994400
2003-09-04,26.2,26.2,25.35,25.65,8.024,2658600
2003-09-05,25.65,25.7,25.3,25.49,7.974,1765000
2003-09-08,25.5,25.5,25.15,25.23,7.8926,1716800
2003-09-09,25.75,25.75,25.03,25.1,7.852,3147000
2003-09-10,25.1,25.35,25.02,25.1,7.852,3502800
2003-09-11,25.1,25.41,24.97,25.35,7.9302,2286400
2003-09-12,25.28,25.28,24.66,24.89,7.7863,1951600
2003-09-15,25,25.21,24.95,25.08,7.8457,1505200
2003-09-16,25.04,25.76,24.94,25.76,8.0584,1527400
2003-09-17,25.7,26.15,25.68,26.11,8.1679,2269400
2003-09-18,25.95,26.06,25.66,25.94,8.1147,1005400
2003-09-19,25.94,25.94,25.57,25.82,8.0772,1314600
2003-09-22,25.72,25.77,25.27,25.37,7.9364,1536600
2003-09-23,25.45,25.9,25.44,25.82,8.0772,1030600
2003-09-24,25.87,25.87,25.52,25.61,8.0115,1582200
2003-09-25,25.51,25.75,25.44,25.51,7.9802,1172600
2003-09-26,25.5,25.5,24.88,24.88,7.7832,1092400
2003-09-29,25.08,25.24,24.55,25.14,7.8645,1610800
2003-09-30,24.95,25.04,24.52,24.81,7.7613,1394400
2003-10-01,24.82,25.97,24.82,25.91,8.1054,1277800
2003-10-02,25.98,25.99,25.62,25.86,8.0897,750200
2003-10-03,26.05,26.62,26.05,26.38,8.2524,1463800
2003-10-06,26.13,26.59,26.1,26.52,8.2962,958400
2003-10-07,26.42,27,26.31,27,8.4463,1422200
2003-10-08,27,27.04,26.71,27.03,8.4557,1524200
2003-10-09,27.55,28.5,27.55,28.21,8.8249,3719400
2003-10-10,28.34,28.49,28,28.14,8.803,1595200
2003-10-13,28.18,28.96,28.15,28.84,9.0219,1654200
2003-10-14,28.7,28.79,28.33,28.61,8.95,1758200
2003-10-15,28.48,28.55,27.45,28.55,8.9312,1947400
2003-10-16,28.25,28.75,28.25,28.58,8.9406,1561600
2003-10-17,28.55,28.9,28.49,28.75,8.9938,1765400
2003-10-20,28.75,29.51,28.75,29.46,9.2159,2684400
2003-10-21,29.4,29.97,29.25,29.8,9.3223,2723200
2003-10-22,29.81,29.81,28.88,29.16,9.1221,2201000
2003-10-23,29.25,30.02,29.15,30.01,9.388,2696600
2003-10-24,30.01,30.04,29.44,29.69,9.2879,2365400
2003-10-27,29.7,30.2,29.7,29.8,9.3223,1739600
2003-10-28,29.85,30.34,29.74,30.33,9.4881,1862000
2003-10-29,30.33,31.23,30.33,30.87,9.657,2221600
2003-10-30,30.88,31,30.25,30.55,9.5569,1321200
2003-10-31,30.5,30.9,30.45,30.49,9.5381,1280800
2003-11-03,30.48,31,30.48,30.9,9.6664,1564618
2003-11-04,30.9,30.9,30.44,30.6,9.5725,1542238
2003-11-05,30.59,30.59,29.88,30.1,9.4161,2268200
2003-11-06,30.1,30.67,30,30.61,9.5757,1966000
2003-11-07,30.61,30.99,30.5,30.54,9.5538,881400
2003-11-10,30.6,30.73,30.2,30.55,9.5569,1455400
2003-11-11,30.51,31.29,30.51,31.17,9.7508,1446000
2003-11-12,31.25,31.79,31.16,31.79,9.9448,1834600
2003-11-13,31.79,31.79,31,31.6,9.8854,1063800
2003-11-14,31.45,32.11,30.92,31.17,9.7508,1147400
2003-11-17,31.17,31.17,29.91,29.94,9.3661,2526600
2003-11-18,30,30.298,29.76,29.86,9.341,2495200
2003-11-19,30.11,30.52,29.8,30.52,9.5475,2368200
2003-11-20,30.52,32.1,30.41,31.82,9.9542,4851600
2003-11-21,34.1,35.19,33.82,34.92,10.9239,8293600
2003-11-24,34.92,35.09,34.42,34.9,10.9177,3757600
2003-11-25,34.91,35.5,34.3,35.25,11.0598,2863800
2003-11-26,34.9,34.98,33.88,34.42,10.7993,3405600
2003-11-28,34.42,34.59,34.03,34.5,10.8244,1373600
2003-12-01,34.5,34.79,34.32,34.5,10.8244,2603800
2003-12-02,34.5,34.5,34.25,34.26,10.7491,2621200
2003-12-03,34.3,34.69,34.3,34.5,10.8244,3600000
2003-12-04,34.55,34.61,33.51,34.21,10.7335,4025400
2003-12-05,34.1,34.24,33.64,33.7,10.5734,2128400
2003-12-08,33.55,34.06,33.55,33.96,10.655,2664400
2003-12-09,34,34.34,33.89,33.95,10.6519,1703600
2003-12-10,33.95,34.2,33.53,33.68,10.5672,2034000
2003-12-11,33.68,34.23,33.67,34.08,10.6927,1785600
2003-12-12,34,34.07,33.48,33.81,10.6079,993400
2003-12-15,34.05,34.14,32.59,32.7,10.2597,2145400
2003-12-16,32.45,32.45,31.58,31.94,10.0212,4424800
2003-12-17,31.69,32.31,31.59,32.19,10.0997,3493600
2003-12-18,32.34,33,32.3,32.77,10.2816,1978800
2003-12-19,32.95,32.98,32.41,32.73,10.2691,1699200
2003-12-22,32.73,32.98,32.67,32.89,10.3193,1379800
2003-12-23,33,33.35,32.97,33.3,10.4479,2191000
2003-12-24,33.3,33.3,33.04,33.26,10.4354,667200
2003-12-26,33.35,33.95,33.35,33.84,10.6174,1243400
2003-12-29,33.84,34.2,33.84,34.16,10.7178,1549400
2003-12-30,34.1,34.15,33.86,34.11,10.7021,765200
2003-12-31,34.11,34.35,34.02,34.3,10.7617,1263400
2004-01-02,34.65,34.65,33.1,33.25,10.4322,1342600
2004-01-05,33.62,33.86,33.1,33.86,10.6236,2719200
2004-01-06,33.86,34.95,33.78,34.86,10.9374,3170400
2004-01-07,34.86,35.02,34.35,34.97,10.9719,2471400
2004-01-08,36,36.23,35.69,36.06,11.3139,3914400
2004-01-09,35.97,35.99,35.71,35.91,11.2668,1479000
2004-01-12,35.75,36.4,35.75,36.33,11.3986,1869000
2004-01-13,36.4,36.67,36.17,36.46,11.4394,2001800
2004-01-14,37,37.25,36.99,37.15,11.6559,4802000
2004-01-15,37.45,37.76,37.1,37.69,11.8253,2948600
2004-01-16,38.2,38.68,38.14,38.35,12.0324,2608800
2004-01-20,38.45,38.45,37.57,37.73,11.8379,1725000
2004-01-21,37.79,38.05,37.46,37.85,11.8755,2221200
2004-01-22,38.25,38.54,38,38.35,12.0324,2985400
2004-01-23,38.55,39.7,38.45,39.64,12.4371,4198400
2004-01-26,39.95,40.75,39.86,40.36,12.663,4588800
2004-01-27,39.6,39.76,38.61,39.5,12.3932,4846400
2004-01-28,39.5,39.94,38.45,38.64,12.1234,2118200
2004-01-29,38.64,39.49,38.64,39.39,12.3587,2063200
2004-01-30,39.39,39.87,39.01,39.3,12.3304,1245200
2004-02-02,39.67,40.2,39.67,40,12.5501,1675600
2004-02-03,40,40.35,39.81,40,12.5501,1176400
2004-02-04,40,40.35,39.62,39.97,12.5407,1413600
2004-02-05,40.5,40.69,39.57,39.96,12.5375,2554800
2004-02-06,39.91,40.35,39.9,40.16,12.6003,2209400
2004-02-09,40.2,40.4,40.1,40.24,12.6254,2309200
2004-02-10,40.45,40.459,39.9,40,12.5501,2352600
2004-02-11,40.03,40.11,39.37,39.99,12.5469,2773600
2004-02-12,39.5,40.21,39.5,39.95,12.5344,2668800
2004-02-13,39.95,40.12,39.338,39.47,12.3838,1751600
2004-02-17,39.67,40.47,39.67,40.12,12.5877,2175800
2004-02-18,40.25,40.9,40.15,40.65,12.754,2912600
2004-02-19,40.75,40.9,39.65,39.78,12.481,1966400
2004-02-20,40.7,41.25,38.34,39.07,12.2583,8493200
2004-02-23,38.82,39.1,38.44,38.77,12.1642,4329600
2004-02-24,38.97,39.5,38.81,39.32,12.3367,3101200
2004-02-25,39.32,39.64,38.9,39.12,12.3061,1696400
2004-02-26,38.12,39,37.74,38.83,12.2149,3820000
2004-02-27,38.93,39.49,38.9,39.14,12.3124,2213800
2004-03-01,39.14,39.48,39.04,39.44,12.4068,1835600
2004-03-02,39.23,39.81,39.23,39.74,12.5012,2420200
2004-03-03,39.4,39.59,38.72,39.56,12.4446,2123200
2004-03-04,39.88,39.97,39.45,39.89,12.5484,2576400
2004-03-05,39.7,39.89,39.51,39.62,12.4634,2224600
2004-03-08,39.9,39.95,39.4,39.48,12.4194,1143400
2004-03-09,39.3,39.43,38.75,38.88,12.2306,1481200
2004-03-10,38.88,39.01,38.18,38.18,12.0104,1734000
2004-03-11,37.32,38.3,37.05,37.78,11.8846,3483000
2004-03-12,37.85,38.74,37.75,38.7,12.174,1849600
2004-03-15,38.5,38.52,37.35,37.47,11.7871,2239200
2004-03-16,37.72,38,37.24,37.48,11.7902,1535800
2004-03-17,37.52,37.84,37.49,37.7,11.8594,1349800
2004-03-18,37.7,37.85,37.4,37.65,11.8437,1467600
2004-03-19,37.61,37.64,37.14,37.33,11.7431,973200
2004-03-22,36.9,37.17,36.59,37.05,11.655,1725600
2004-03-23,37.32,37.78,37.21,37.45,11.7808,1519200
2004-03-24,37.35,37.62,36.97,37.43,11.7745,1669800
2004-03-25,37.6,38.58,37.55,38.5,12.1111,1971800
2004-03-26,38.4,38.45,37.68,37.68,11.8532,2123400
2004-03-29,37.75,38.75,37.75,38.67,12.1646,1487600
2004-03-30,38.67,40,38.65,39.9,12.5515,3273400
2004-03-31,39.9,40.23,39.66,39.9,12.5515,3203000
2004-04-01,39.91,39.92,39.35,39.78,12.5138,1414400
2004-04-02,39.93,40.15,39.71,39.85,12.5358,1667600
2004-04-05,39.97,40.19,39.88,40.17,12.6364,2800200
2004-04-06,39.99,40.17,39.83,40.07,12.605,1519800
2004-04-07,40,40.03,39.43,39.99,12.5798,940800
2004-04-08,40.45,40.54,39.07,39.24,12.3439,2635000
2004-04-12,39.24,39.46,38.94,39.28,12.3565,2023800
2004-04-13,39.32,39.63,37.51,37.94,11.9349,3044600
2004-04-14,37.94,37.95,37.06,37.2,11.7022,2864800
2004-04-15,37.38,37.84,37.17,37.7,11.8594,1777400
2004-04-16,38.2,38.25,37.27,37.44,11.7777,2549000
2004-04-19,37.5,37.78,36.98,37.72,11.8657,1673600
2004-04-20,37.87,38.41,37.33,37.33,11.7431,1220000
2004-04-21,37.34,37.92,37.15,37.79,11.8878,1054200
2004-04-22,37.7,38.6,37.46,38.32,12.0545,1018000
2004-04-23,38.07,38.3,37.71,38.28,12.0419,1159000
2004-04-26,38.38,38.54,38,38.05,11.9696,1136200
2004-04-27,38.15,39.04,38.15,38.72,12.1803,1646600
2004-04-28,38.62,38.62,37.42,37.45,11.7808,1934000
2004-04-29,37.45,37.67,35.76,36.15,11.3719,2828600
2004-04-30,36.2,36.32,35.14,35.63,11.2083,3624600
2004-05-03,35.71,36.63,35.3,36.03,11.3341,2374200
2004-05-04,36.2,36.71,35.93,36.59,11.5103,2066600
2004-05-05,36.48,37.54,36.31,37.41,11.7682,2650400
2004-05-06,37.41,37.65,36.101,36.64,11.526,3380600
2004-05-07,36.63,37.12,35.43,35.5,11.1674,3373400
2004-05-10,35.35,35.76,35.17,35.44,11.1485,2173000
2004-05-11,35.47,36.17,35.47,36.1,11.3561,1890000
2004-05-12,36.11,36.42,35.21,36.37,11.4411,2326000
2004-05-13,36.34,37,35.7,36.62,11.5197,2367600
2004-05-14,36.82,36.82,36,36.27,11.4096,1264800
2004-05-17,35.55,35.89,34.85,35.5,11.1674,1698400
2004-05-18,35.95,36.93,35.95,36.89,11.6046,1401600
2004-05-19,37.5,38.15,37.2,37.26,11.721,2259400
2004-05-20,37.51,37.69,36.8,37.23,11.7116,2457600
2004-05-21,38.25,40.06,38.15,39.9,12.5515,7090000
2004-05-24,39.9,40.13,39.08,39.84,12.5326,3525600
2004-05-25,39.5,40.14,39.3,40.12,12.6207,2762000
2004-05-26,40,40.39,39.73,40.19,12.6752,2656800
2004-05-27,40.24,40.92,40.18,40.65,12.8203,2416000
2004-05-28,40.73,40.8,40.4,40.55,12.7888,1477600
2004-06-01,40.58,41.17,40.4,40.98,12.9244,2462800
2004-06-02,41.15,41.45,41,41.38,13.0505,2358200
2004-06-03,41.13,41.44,40.4,40.72,12.8424,2777000
2004-06-04,41,41.09,40.51,40.66,12.8234,1494200
2004-06-07,40.8,41.15,40.62,40.94,12.9118,1589600
2004-06-08,40.95,41.29,40.76,41.29,13.0221,1139200
2004-06-09,41.39,41.74,40.95,40.98,12.9244,1374000
2004-06-10,41.2,41.79,41.14,41.37,13.0474,1581200
2004-06-14,41.27,41.27,40.44,40.7,12.8361,1446800
2004-06-15,40.87,41.49,40.8,41.25,13.0095,1280800
2004-06-16,41.25,41.33,40.99,41.19,12.9906,1416800
2004-06-17,41.19,41.47,40.7,41.39,13.0537,1578600
2004-06-18,41.44,42.05,41.28,41.69,13.1483,1872200
2004-06-21,41.82,42.6,41.67,42.26,13.3281,2145400
2004-06-22,42.22,42.47,41.78,42.44,13.3848,1661200
2004-06-23,42.24,43.81,42.2,43.77,13.8043,2145400
2004-06-24,43.7,44.63,43.7,44.24,13.9525,3088200
2004-06-25,44.21,44.45,43.55,44.25,13.9557,2659400
2004-06-28,44.25,45,43.776,44.26,13.9588,2282800
2004-06-29,44.26,44.26,42.55,42.63,13.4448,3051200
2004-06-30,42.64,43,42.3,42.61,13.4384,2756600
2004-07-01,42.45,43.14,42.15,43.06,13.5804,2199600
2004-07-02,43.06,43.54,42.24,42.44,13.3848,2107800
2004-07-06,42.44,42.92,41.9,42.7,13.4668,1669000
2004-07-07,42.6,43.6,42.6,43.32,13.6624,2391200
2004-07-08,42,42,40.9,41.27,13.0158,4196000
2004-07-09,41.7,41.97,40.82,41.61,13.1231,2444600
2004-07-12,41.61,42.37,41.61,42.22,13.3154,1287000
2004-07-13,42.1,42.69,42.1,42.49,13.4006,1234200
2004-07-14,42.5,42.5,41.57,41.69,13.1483,1548800
2004-07-15,42.1,42.2,41.55,41.61,13.1231,1563800
2004-07-16,41.96,41.96,40.78,40.92,12.9054,1476400
2004-07-19,41.02,41.29,40.3,40.62,12.8108,1558600
2004-07-20,40.87,42.77,40.87,42.73,13.4763,2351600
2004-07-21,42.75,42.99,42.22,42.22,13.3154,2479200
2004-07-22,42.16,43.5,41.8,43.23,13.634,3453800
2004-07-23,43.23,43.39,42.71,42.85,13.5141,2080800
2004-07-26,42.86,43.3,42.1,42.48,13.3974,1369000
2004-07-27,42.49,43.99,42.49,43.92,13.8516,2455000
2004-07-28,43.98,46.3,43.77,45,14.1922,3384600
2004-07-29,45.15,45.78,44.92,45.4,14.3184,1767800
2004-07-30,44.02,44.64,43.75,43.9,13.8453,3734400
2004-08-02,43.9,44.24,43.66,44,13.8768,1891200
2004-08-03,44.05,44.1,43.15,43.48,13.7128,1287000
2004-08-04,43.48,43.48,42.2,42.94,13.5425,2348400
2004-08-05,42.95,42.95,40.4,40.72,12.8424,4708400
2004-08-06,40.72,40.72,39.75,39.95,12.5995,2675000
2004-08-09,40.53,40.83,39.89,40.65,12.8203,1521400
2004-08-10,40.66,41.66,40.66,41.48,13.0821,1940600
2004-08-11,41.23,41.3,40.76,40.85,12.8834,1229600
2004-08-12,40.86,41.35,38.95,39.14,12.3441,4601000
2004-08-13,39.14,39.85,38.68,39.53,12.4671,2192000
2004-08-16,39.53,41,39.52,40.33,12.7194,2574000
2004-08-17,40.53,41.58,40.49,40.76,12.855,2799800
2004-08-18,40.7,41.1,40.16,40.6,12.8045,1993400
2004-08-19,40.95,41.31,40.19,40.56,12.7919,2324600
2004-08-20,37.1,37.7,36.61,36.82,11.6124,16559800
2004-08-23,36.8,36.94,36.06,36.43,11.4894,3698200
2004-08-24,36.44,36.71,36.37,36.59,11.5398,3279800
2004-08-25,36.69,36.97,36.274,36.59,11.5398,4450600
2004-08-26,36.61,37.32,36.46,37.25,11.748,4061400
2004-08-27,36.97,37.82,36.71,37.55,11.8813,2831600
2004-08-30,37.43,37.54,37,37,11.7073,1565800
2004-08-31,36.9,37.13,36.43,37.13,11.7484,2459400
2004-09-01,37.13,37.49,36.92,37.42,11.8402,2260400
2004-09-02,37.55,38.73,37.55,38.58,12.2072,4025800
2004-09-03,38.42,39.11,38.36,38.95,12.3243,1948400
2004-09-07,38.76,40.02,38.75,39.87,12.6154,2609000
2004-09-08,39.86,40.29,39.08,39.09,12.3686,1905800
2004-09-09,39.2,39.3,38.06,38.66,12.2325,3017600
2004-09-10,38.66,39.78,38.3,39.67,12.5521,2447600
2004-09-13,39.75,40.5,39.75,40,12.6565,2163400
2004-09-14,40,40.28,39.68,40.27,12.742,1548200
2004-09-15,40.27,40.42,39.74,39.74,12.5743,2213400
2004-09-16,39.74,39.9,39.44,39.78,12.5869,3285200
2004-09-17,40.15,40.15,39.45,39.55,12.5142,2397400
2004-09-20,39.56,39.66,39.14,39.46,12.4857,1175800
2004-09-21,39.5,40.3,39.33,40.21,12.723,1795000
2004-09-22,40.11,40.11,39.35,39.45,12.4825,2620400
2004-09-23,39.4,39.69,38.89,39.34,12.4477,1923800
2004-09-24,39.35,39.75,39.15,39.58,12.5236,1577800
2004-09-27,39.5,39.5,38.57,38.72,12.2515,1693000
2004-09-28,38.75,38.75,37.68,38.68,12.2389,2966600
2004-09-29,38.72,38.98,38.1,38.42,12.1566,3783400
2004-09-30,38.43,38.43,37.82,38.24,12.0997,2234200
2004-10-01,38.33,39.05,38.19,38.21,12.0902,3163200
2004-10-04,38.4,40.14,38.4,39.4,12.4667,3106600
2004-10-05,39.01,39.3,38.42,38.51,12.1851,2565000
2004-10-06,38.6,39.23,38.51,39.05,12.356,1907000
2004-10-07,40.25,41.6,40.12,40.48,12.8084,5381000
2004-10-08,40.38,41.42,39.48,39.69,12.5585,4855200
2004-10-11,39.8,40.42,39.8,40.37,12.7736,2294000
2004-10-12,40.37,40.37,39.3,39.94,12.6376,1979400
2004-10-13,40.49,40.49,39.62,39.84,12.6059,1818000
2004-10-14,39.98,39.98,39.36,39.42,12.473,878000
2004-10-15,39.5,39.85,39.16,39.52,12.5047,1960800
2004-10-18,39.53,40.27,39.31,40.17,12.7103,1003800
2004-10-19,40.5,40.98,40.3,40.36,12.7705,1365600
2004-10-20,40.25,40.59,40,40.18,12.7135,1019800
2004-10-21,40.02,41.35,39.64,41.11,13.0078,2298200
2004-10-22,41.05,42.01,40.87,41.01,12.9761,2340200
2004-10-25,41,41.01,40.4,40.73,12.8875,1098800
2004-10-26,40.75,42.06,40.74,41.91,13.2609,1862000
2004-10-27,41.71,42.8,41.49,42.58,13.4729,2319000
2004-10-28,42.75,44.1,42.75,43.56,13.783,3328000
2004-10-29,43.46,43.69,42.822,43.18,13.6627,3388800
2004-11-01,43.1,43.38,42.68,42.8,13.5425,1835800
2004-11-02,42.87,43.9,42.87,43.4,13.7323,2396200
2004-11-03,44,44.3,43.32,43.73,13.8368,2971400
2004-11-04,44.45,45.38,43.45,44.95,14.2228,3982600
2004-11-05,45.4,45.8,44.55,44.99,14.2354,3441600
2004-11-08,44.8,45.34,44.62,45.07,14.2608,2262200
2004-11-09,45,45.15,44.2,44.65,14.1279,2260400
2004-11-10,44.95,45.82,44.91,45.34,14.3462,2081200
2004-11-11,45.44,45.44,44.6,45.05,14.2544,2474800
2004-11-12,45.05,45.91,45,45.72,14.4664,1846000
2004-11-15,45.75,46.4,45.62,46,14.555,2665000
2004-11-16,45.85,45.85,44.28,44.8,14.1753,3159200
2004-11-17,45.9,46.68,45.49,45.58,14.4221,6606600
2004-11-18,45.58,45.59,44.84,44.94,14.2196,4002600
2004-11-19,44.45,44.8,43.88,44.33,14.0266,3129800
2004-11-22,44.33,45.15,43.85,45,14.2386,3291200
2004-11-23,44.75,45.5,44.73,45.35,14.3494,3082400
2004-11-24,45.4,45.72,45.09,45.15,14.2861,2686000
2004-11-26,45.18,45.35,44.95,45.13,14.3182,1423200
2004-11-29,45.15,45.25,44.46,44.65,14.166,3074200
2004-11-30,44.45,44.75,43.26,43.75,13.8804,3994000
2004-12-01,44.1,45.11,44.1,44.6,14.1501,5045600
2004-12-02,43.5,44.91,43,43.25,13.7218,7075400
2004-12-03,43.36,44.07,42.95,43.48,13.7948,4245000
2004-12-06,43.49,44.03,43.17,43.85,13.9121,2145800
2004-12-07,43.76,44.4,43.4,43.95,13.9439,3126000
2004-12-08,44.1,45.31,44.04,45.11,14.3119,4072400
2004-12-09,44.6,45.38,44.52,45.2,14.3405,4034400
2004-12-10,45,45.485,44.85,45,14.277,3128800
2004-12-13,45.3,45.53,45.08,45.46,14.4229,2902200
2004-12-14,45.46,46.39,45.41,46.22,14.6641,3362200
2004-12-15,46.23,47.35,46.06,46.36,14.7085,3685800
2004-12-16,46.59,46.6,45.95,46.25,14.6736,3091000
2004-12-17,45.9,46.19,45.48,45.51,14.4388,3516200
2004-12-20,45.75,45.96,45.09,45.36,14.3912,2578400
2004-12-21,45.56,46.78,45.5,46.6,14.7846,2350400
2004-12-22,46.2,47,46.15,46.55,14.7688,2251800
2004-12-23,46.45,47.04,46.3,46.4,14.7212,1321200
2004-12-27,46.45,47,46.32,46.36,14.7085,1498800
2004-12-28,46.44,46.94,46.15,46.94,14.8925,841000
2004-12-29,46.94,47.32,46.7,47.02,14.9179,1386800
2004-12-30,47,47.08,46.69,46.95,14.8957,1275400
2004-12-31,47.05,47.13,46.68,46.73,14.8259,1032000
2005-01-03,46.73,47.11,46,46.4,14.7212,2996200
2005-01-04,46.42,46.68,45.42,45.62,14.4737,2156800
2005-01-05,47.02,47.67,47.02,47.06,14.9306,5913200
2005-01-06,46.96,47.7,46.84,47.68,15.1273,3081200
2005-01-07,47.67,48,47.36,47.85,15.1812,3149400
2005-01-10,47.8,48.52,47.59,48.22,15.2986,2137000
2005-01-11,48.22,48.55,47.66,48.27,15.3145,2187200
2005-01-12,48.35,48.4,47.49,48.07,15.251,1955400
2005-01-13,48,48.43,47.5,48,15.2288,1344000
2005-01-14,48,48.98,47.95,48.75,15.4667,1525400
2005-01-18,48.5,48.81,48.17,48.63,15.4287,1469000
2005-01-19,48.64,48.84,48.07,48.11,15.2637,1444200
2005-01-20,48.11,48.38,47.85,48.12,15.2669,1363600
2005-01-21,48.6,48.72,47.28,47.36,15.0257,1548400
2005-01-24,47.36,47.5,46.55,46.63,14.7941,1316000
2005-01-25,46.65,48.03,46.52,47.85,15.1812,2387800
2005-01-26,48.05,48.12,47.47,47.69,15.1304,1659400
2005-01-27,47.54,47.85,47.3,47.61,15.1051,1850200
2005-01-28,47.8,47.96,47.13,47.6,15.1019,1708800
2005-01-31,47.85,48.35,47.82,48.25,15.3081,2237200
2005-02-01,48.1,49.18,48,48.88,15.508,2232600
2005-02-02,49,49.82,48.95,49.71,15.7713,2576800
2005-02-03,49.84,50.93,49.4,50.63,16.0632,3130400
2005-02-04,50.38,50.76,49.93,50.21,15.93,2006200
2005-02-07,50.7,50.89,50.53,50.69,16.0822,2835600
2005-02-08,50.56,50.6,49.9,50.14,15.9078,1612200
2005-02-09,50.16,50.39,49.4,49.46,15.692,826800
2005-02-10,49.56,49.89,49.01,49.62,15.7428,827800
2005-02-11,49.69,50.65,49.53,50.42,15.9966,1971200
2005-02-14,50.27,50.9,50.2,50.75,16.1013,1353400
2005-02-15,50.9,51.72,50.61,51.56,16.3583,2259000
2005-02-16,52.5,52.58,52,52.26,16.5804,3754800
2005-02-17,52.24,54.36,52.15,53.65,17.0214,4151200
2005-02-18,53.65,53.66,52.54,52.63,16.6977,3238600
2005-02-22,52.5,52.99,51.74,52.07,16.5201,2122800
2005-02-23,53.29,53.29,51.47,52.02,16.5042,2164400
2005-02-24,51.8,52.54,51.4,52.43,16.6732,2911600
2005-02-25,52.5,53.01,52.03,52.97,16.8449,2412000
2005-02-28,52.82,53.8,52.78,53.76,17.0962,2670400
2005-03-01,53.74,54.39,53.09,54.31,17.2711,2330000
2005-03-02,53.88,54.69,53.58,53.91,17.1439,2547600
2005-03-03,54,54.39,53.4,53.77,17.0993,2496200
2005-03-04,53.98,54.15,53.6,53.91,17.1439,2352600
2005-03-07,53.8,55.25,53.8,54.87,17.4491,3464600
2005-03-08,54.75,54.97,54.1,54.34,17.2806,1538400
2005-03-09,54.2,54.32,53.87,53.9,17.1407,1183200
2005-03-10,54.05,54.2,53.6,53.95,17.1566,957000
2005-03-11,54.05,54.11,53.52,53.69,17.0739,1459000
2005-03-14,53.33,53.89,53,53.68,17.0707,1952600
2005-03-15,53.85,54.75,53.79,54.7,17.3951,1627200
2005-03-16,54.32,55.02,54.21,54.89,17.4555,2807800
2005-03-17,54.9,55.06,54.19,54.27,17.2583,1416600
2005-03-18,54.27,54.27,52.5,52.9,16.8227,5905000
2005-03-21,52.8,53.04,51.71,52.31,16.635,3110800
2005-03-22,52.34,53.15,52.15,52.28,16.6255,1662400
2005-03-23,52.38,52.67,51.83,52.19,16.5969,2153600
2005-03-24,52.24,52.35,51.78,52.01,16.5396,2040200
2005-03-28,52.1,53.06,52.06,52.7,16.7591,1878400
2005-03-29,52.72,53.5,52.31,52.4,16.6637,2078600
2005-03-30,52.9,54.05,52.7,53.9,17.1407,2239600
2005-03-31,54.25,55.71,54.05,55.38,17.6113,3579600
2005-04-01,55.13,55.38,53.86,54.22,17.2424,2775400
2005-04-04,54.22,54.74,53.75,54.44,17.3124,2209200
2005-04-05,54.58,55.62,54.56,55.2,17.5541,1892000
2005-04-06,55.27,55.48,54.57,54.96,17.4778,2038600
2005-04-07,54.95,56.27,54.35,56.16,17.8594,3985400
2005-04-08,55.35,55.69,54.66,54.75,17.411,2541000
2005-04-11,55,55.35,54.6,54.85,17.4428,1522600
2005-04-12,54.71,55.63,54.53,55.4,17.6177,1634400
2005-04-13,55.3,55.89,54.7,54.85,17.4428,1589800
2005-04-14,55,55.35,53.67,53.73,17.0866,2148400
2005-04-15,52.03,53.69,52.03,52.5,16.6955,2171000
2005-04-18,52.5,53.5,52.43,53.31,16.953,2202200
2005-04-19,53.47,54.4,53.47,54.29,17.2647,1835400
2005-04-20,54.15,54.29,53.03,53.28,16.9435,1762800
2005-04-21,53.7,54.21,53.4,54.06,17.1916,1589800
2005-04-22,53.86,53.87,52.69,53,16.8545,2057000
2005-04-25,53.25,54.06,53.15,53.55,17.0294,1570800
2005-04-26,53.55,54.55,53.34,54.27,17.2583,1832200
2005-04-27,54,54.82,53.35,54.26,17.2552,1447800
2005-04-28,54.01,54.2,52.53,52.53,16.705,2030200
2005-04-29,52.72,52.73,48.9,50.83,16.1644,5536600
2005-05-02,50.83,51.45,50.54,50.95,16.2025,2502400
2005-05-03,50.95,51.36,50.44,50.92,16.193,2818200
2005-05-04,51,51.99,50.82,51.7,16.4411,3134400
2005-05-05,53.25,54.2,53.24,53.89,17.1375,3292200
2005-05-06,54,55.59,54,55.1,17.5223,4186400
2005-05-09,55.1,55.9,54.91,55.82,17.7513,2534600
2005-05-10,55.58,55.71,55,55,17.4905,1807400
2005-05-11,54.98,55.37,54.01,55.34,17.5986,2291600
2005-05-12,55.14,55.45,54.27,54.52,17.3378,1442800
2005-05-13,54.52,55.02,53.9,54.45,17.3156,1991800
2005-05-16,54.22,55.69,54.06,55.63,17.6908,2004800
2005-05-17,55.63,57.55,55.31,57.32,18.2283,3479600
2005-05-18,58.7,59.79,57.8,58.72,18.6735,5549200
2005-05-19,58.65,60,58.46,59.93,19.0583,2378000
2005-05-20,60,60,58.85,59.9,19.0487,2094200
2005-05-23,59.92,60.4,59.48,59.81,19.0201,2039400
2005-05-24,59.45,59.79,59.2,59.74,18.9978,2065600
2005-05-25,59.74,59.97,59.27,59.59,18.9501,1170000
2005-05-26,59.86,60.25,59.45,60.17,19.1857,1460000
2005-05-27,60.04,60.62,60.02,60.25,19.2112,2166200
2005-05-31,60.3,61.1,60.16,61.04,19.4631,2939800
2005-06-01,60.88,62,60.77,61.35,19.562,2136800
2005-06-02,62,64.25,61.95,64.02,20.4133,3949000
2005-06-03,64.02,64.04,62.92,63.1,20.12,2279200
2005-06-06,63.13,64.5,62.78,64.01,20.4101,1994200
2005-06-07,64.38,65.69,64.31,64.92,20.7003,2698800
2005-06-08,65.3,65.35,64.22,64.54,20.5791,2363400
2005-06-09,64.59,65.75,64.28,65.73,20.9586,2133400
2005-06-10,65.73,66.26,65.5,66.18,21.1021,2026000
2005-06-13,65.5,66.27,65.5,65.96,21.0319,1913400
2005-06-14,66.2,68.09,66.15,67.87,21.6409,2642200
2005-06-15,68.25,68.64,67.46,68.52,21.8482,2923000
2005-06-16,68.42,68.53,67.9,68.35,21.794,2204000
2005-06-17,68.61,69.06,68,69.06,22.0204,2748400
2005-06-20,69.1,69.1,68.1,68.79,21.9343,2534400
2005-06-21,68.9,69.95,68.5,69.8,22.2563,2602800
2005-06-22,70,70.2,68.88,69.4,22.1288,2231000
2005-06-23,69.1,69.57,67.3,67.34,21.4719,2572600
2005-06-24,65.5,66.04,65.08,65.5,20.8852,3632800
2005-06-27,65.15,65.85,64.78,65.67,20.9394,2215600
2005-06-28,66.12,67.75,66.11,67.6,21.5548,2289800
2005-06-29,67.84,68.67,67.27,68.35,21.794,2041600
2005-06-30,68.34,69.08,67.96,67.97,21.6728,2058000
2005-07-01,34,34.11,33.63,34.06,21.7206,1212800
2005-07-05,34.35,35.64,34.32,34.99,22.3137,2211000
2005-07-06,35.1,35.29,34.69,34.85,22.2244,2019700
2005-07-07,34.75,35.58,34.5,35.56,22.6772,2008500
2005-07-08,35.65,35.83,35.36,35.55,22.6708,1646800
2005-07-11,35.8,35.93,35.28,35.46,22.6134,1682300
2005-07-12,35.55,35.93,35.35,35.87,22.8749,1343400
2005-07-13,36.07,36.24,35.74,35.91,22.9004,1476300
2005-07-14,36.15,36.25,35.62,35.76,22.8048,1460900
2005-07-15,35.77,36.14,35.77,36,22.9578,1773000
2005-07-18,36.03,36.43,35.92,36.19,23.079,2121800
2005-07-19,36.35,37.07,36.22,37.02,23.6083,1764000
2005-07-20,37.02,37.11,36.06,36.92,23.5445,1581100
2005-07-21,36.99,36.99,36.13,36.41,23.2193,1333300
2005-07-22,36.5,37.14,36.19,37.14,23.6848,1161200
2005-07-25,37.14,37.15,36.02,36.17,23.0662,1652700
2005-07-26,36.17,36.28,35.67,35.86,22.8685,2119800
2005-07-27,36.02,36.84,35.82,36.78,23.4552,2369300
2005-07-28,37.02,37.46,36.54,37.39,23.8442,1291600
2005-07-29,37.39,37.42,36.86,37.01,23.6019,1446900
2005-08-01,37.96,37.96,36.39,36.83,23.4871,1280700
2005-08-02,36.9,37.19,36.75,36.96,23.57,1037700
2005-08-03,36.96,36.99,36.2,36.45,23.2448,1445900
2005-08-04,34.3,35.5,33.2,33.45,21.3316,6276400
2005-08-05,33.45,33.45,31.87,31.99,20.4006,5023600
2005-08-08,32.04,33,31.7,31.88,20.3304,3171000
2005-08-09,31.91,32.68,31.91,32.46,20.7003,3377600
2005-08-10,32.9,33.68,32.05,32.34,20.6238,3883700
2005-08-11,32.52,32.56,31.65,31.92,20.3559,2661900
2005-08-12,31.7,32.6,31.7,32.4,20.662,1860800
2005-08-15,32.48,32.81,32.14,32.6,20.7896,1613500
2005-08-16,32.4,32.41,30.95,31.12,19.8458,2602300
2005-08-17,33,34.75,32.62,34.3,21.8737,6550800
2005-08-18,34.31,34.51,33.68,34.04,21.7079,2614700
2005-08-19,34.2,34.24,33.33,33.55,21.3954,2584300
2005-08-22,33.63,33.8,32.86,33.18,21.1595,2029100
2005-08-23,33.34,33.91,32.94,33.22,21.185,1989500
2005-08-24,33.28,34.12,33.07,33.33,21.2551,2036900
2005-08-25,33.51,33.95,33.38,33.76,21.5293,1718600
2005-08-26,33.67,33.78,32.7,32.87,20.9618,1951300
2005-08-29,32.36,33.21,32.3,33.17,21.2043,1564000
2005-08-30,33.15,33.15,32.32,33.08,21.1468,2554900
2005-08-31,32.95,33.64,32.74,33.58,21.4664,2645300
2005-09-01,34.35,34.5,32.38,32.83,20.9869,2899300
2005-09-02,33.05,33.4,32.75,33.1,21.1595,1356400
2005-09-06,33.17,35.07,33.13,35,22.3741,2991600
2005-09-07,35.25,36.5,35.18,36.49,23.3266,3749000
2005-09-08,36.49,37.49,36.3,37.12,23.7294,3614000
2005-09-09,37.12,37.22,36.75,36.88,23.576,3334100
2005-09-12,37.16,37.33,36.55,36.84,23.5504,2341700
2005-09-13,36.84,37.18,36.61,36.77,23.5056,1840900
2005-09-14,37.01,37.17,36.45,36.55,23.365,1903300
2005-09-15,36.74,37.01,36.432,36.73,23.4801,1492700
2005-09-16,36.88,37,35.87,35.88,22.9367,3944000
2005-09-19,35.51,35.64,34.55,34.86,22.2846,2272400
2005-09-20,34.86,35.1,33.67,33.69,21.5367,2672900
2005-09-21,33.69,33.69,32.09,33,21.0956,4800900
2005-09-22,33.08,34.09,32.6,33.88,21.6582,3480500
2005-09-23,33.78,34.56,33.44,34.35,21.9586,2143100
2005-09-26,34.51,35,33.61,33.89,21.6646,2000200
2005-09-27,33.95,34.42,33.49,34.15,21.8308,1859400
2005-09-28,34.4,34.47,33.25,33.43,21.3705,1494900
2005-09-29,33.23,33.97,32.88,33.8,21.607,1894800
2005-09-30,33.97,34.9,33.91,34.32,21.9394,2299700
2005-10-03,34.18,35.06,34.18,34.91,22.3166,2696600
2005-10-04,35.45,35.45,33.34,33.34,21.313,2465100
2005-10-05,33.29,33.65,32.73,33.18,21.2107,2757000
2005-10-06,34.25,34.25,32.5,32.72,20.9166,3205600
2005-10-07,32.8,33.29,32.54,33.24,21.249,2037700
2005-10-10,33.37,33.37,32.12,32.24,20.6098,1594800
2005-10-11,32.18,32.5,31.69,31.74,20.2902,1997500
2005-10-12,31.6,31.6,30.72,31.11,19.8874,2684500
2005-10-13,31.11,31.8,30.41,31.51,20.1431,3271200
2005-10-14,32.23,33.11,31.91,32.91,21.0381,2734500
2005-10-17,32.63,33.46,32.3,32.8,20.9678,2166900
2005-10-18,32.75,32.76,31.69,31.98,20.4436,2981400
2005-10-19,31.98,33.64,31.61,33.55,21.4472,3817800
2005-10-20,33.65,34.74,33.31,33.55,21.4472,1955600
2005-10-21,33.95,34,33.31,33.66,21.5175,1692800
2005-10-24,33.53,34.44,33.5,34.28,21.9139,1143100
2005-10-25,34.18,34.49,33.44,33.75,21.5751,1160100
2005-10-26,33.75,34.08,33.16,33.26,21.2618,1057600
2005-10-27,33.24,33.3,31.76,31.77,20.3093,2050900
2005-10-28,32.15,32.8,32,32.77,20.9486,2173800
2005-10-31,33.75,34.8233,33.58,34.65,22.1504,2881800
2005-11-01,34.65,35.5,34.51,35.3,22.5659,2257100
2005-11-02,35,36.39,34.99,35.75,22.8536,2746200
2005-11-03,37,37.65,36.3,36.6,23.397,2663600
2005-11-04,36.96,37.32,36.4,37.18,23.7677,1554200
2005-11-07,37.35,37.37,36.51,37.28,23.8317,1984100
2005-11-08,36.95,36.95,36.04,36.33,23.2244,1905000
2005-11-09,36.54,36.75,35.8,36.42,23.2819,1470200
2005-11-10,36.5,37.81,35.97,37.7,24.1001,1545400
2005-11-11,37.7,37.86,37.071,37.63,24.0554,947500
2005-11-14,37.55,38.57,37.28,38.56,24.6499,2112900
2005-11-15,38.27,38.45,36.73,36.87,23.5696,2928800
2005-11-16,36.85,38.17,36.79,37.83,24.1833,2084700
2005-11-17,37.8,38.68,37.7,38.47,24.5924,2185500
2005-11-18,39,39,36.8,37.51,23.9787,3913500
2005-11-21,37.41,37.42,36.56,37.41,23.9148,2429700
2005-11-22,37.41,38.12,37.31,38.03,24.3111,1973800
2005-11-23,37.86,38.48,37.85,37.96,24.2664,1525000
2005-11-25,38.18,38.25,37.48,38.25,24.4517,656200
2005-11-28,38.15,38.35,37.43,37.6,24.0862,2783400
2005-11-29,37.77,38.1,37.27,37.28,23.8812,1576500
2005-11-30,37.1,37.44,36.8,36.88,23.625,2390500
2005-12-01,35.3,36.89,35.3,36.47,23.3624,4362100
2005-12-02,36.3,37.03,36.25,36.63,23.4648,1877400
2005-12-05,36.43,36.44,35.28,35.98,23.0485,2146800
2005-12-06,36.1,36.79,36.07,36.23,23.2086,2257600
2005-12-07,36.38,36.89,36.35,36.6,23.4456,1372500
2005-12-08,36.6,37.36,36.45,37.27,23.8748,2400500
2005-12-09,37.28,37.87,37.2,37.54,24.0478,1337000
2005-12-12,37.85,38.09,37,37.2,23.83,1603700
2005-12-13,37.21,37.5,36.87,37.12,23.7787,1694300
2005-12-14,37.11,37.24,36.68,36.92,23.6506,1844100
2005-12-15,36.91,37.1,36.47,36.96,23.6762,2151900
2005-12-16,37.3,37.31,36.35,36.38,23.3047,1711300
2005-12-19,37.05,37.45,36.83,37.03,23.7211,2513300
2005-12-20,37.03,37.75,36.93,37.68,24.1375,2138300
2005-12-21,37.8,37.87,37.44,37.72,24.1631,2158800
2005-12-22,37.9,37.91,37.3,37.39,23.9517,1824800
2005-12-23,37.39,37.73,37.29,37.51,24.0286,1160200
2005-12-27,37.42,37.7,36.72,36.81,23.5802,1651700
2005-12-28,36.95,37.83,36.8901,37.63,24.1054,1484000
2005-12-29,37.63,37.73,37.26,37.47,24.0029,872100
2005-12-30,37.35,37.65,37.1,37.4,23.9581,894300
2006-01-03,37.58,37.88,36.3,37.72,24.1631,2440500
2006-01-04,38.03,38.05,37,37.67,24.1311,2360900
2006-01-05,39.01,40.35,39.01,39.67,25.4122,4816700
2006-01-06,39.79,39.97,39,39.5,25.3033,2255100
2006-01-09,39.1,40.13,39.1,40.1,25.6877,1806900
2006-01-10,40,40.72,39.91,40.5,25.9439,1618700
2006-01-11,40.99,41.58,40.9,41.24,26.418,2279400
2006-01-12,40.9,41.05,39.92,40.19,25.7454,1910500
2006-01-13,40.1,40.6,39.94,39.98,25.6108,1289900
2006-01-17,39.98,40.01,38.99,39.5,25.3033,1603900
2006-01-18,39.5,40.39,39.09,39.69,25.4251,1457800
2006-01-19,40.03,40.28,39.6,40.2,25.7518,1039200
2006-01-20,40.52,40.56,39.12,39.4,25.2393,1774200
2006-01-23,39.6,40.27,39.6,40.15,25.7197,2025400
2006-01-24,40.16,40.72,39.77,40.1,25.6877,2410100
2006-01-25,40.2,41.2,40.11,41.15,26.3603,2012000
2006-01-26,41.6,41.74,40.91,41.67,26.6934,2933600
2006-01-27,42,42.74,42,42.28,27.0842,2504100
2006-01-30,42.44,42.9,42.3,42.5,27.2251,2138300
2006-01-31,42.08,42.25,41.7,41.72,26.7255,2462900
2006-02-01,41.62,42.17,41.46,42,26.9048,1764800
2006-02-02,42.21,42.28,41.632,42.13,26.9881,2323500
2006-02-03,42.07,42.41,42,42.2,27.0329,1437400
2006-02-06,41.85,41.86,40.62,41.35,26.4884,2510100
2006-02-07,41.23,41.74,41.02,41.13,26.3475,1487400
2006-02-08,41.45,41.65,41.27,41.53,26.6037,1232300
2006-02-09,41.43,41.65,40.97,41.05,26.2963,1031900
2006-02-10,41.06,41.11,40.37,40.9,26.2002,1391500
2006-02-13,40.75,41,40.16,40.51,25.9503,1018000
2006-02-14,40.2,40.3499,39.86,40.15,25.7197,2187200
2006-02-15,40,40.64,39.76,40.45,25.9119,1822200
2006-02-16,40.72,40.75,40.23,40.55,25.976,1248200
2006-02-17,40.75,40.75,39.92,40.08,25.6749,1383900
2006-02-21,40.98,40.98,39.69,39.92,25.5724,1587500
2006-02-22,40,40.95,39.97,40.27,25.7966,1697400
2006-02-23,41.605,41.605,40.09,40.12,25.7005,1406800
2006-02-24,38.65,38.65,37.51,38.3,24.5947,4177200
2006-02-27,38.07,38.62,37.82,37.9,24.3378,2661400
2006-02-28,37.7,38.53,37.67,38,24.4021,2591100
2006-03-01,38,39.62,38,39.42,25.3139,3692900
2006-03-02,39.27,39.92,39.02,39.33,25.2561,3000000
2006-03-03,39,40.07,38.94,39.66,25.468,2516400
2006-03-06,39.56,39.95,39.24,39.82,25.5708,1678500
2006-03-07,39.53,39.83,39.32,39.36,25.2754,2022500
2006-03-08,38.99,40.72,38.99,40.46,25.9818,1996900
2006-03-09,40.56,40.9,40.1,40.13,25.7699,1593100
2006-03-10,40.14,41.42,40.14,41.22,26.4698,1751200
2006-03-13,42.025,42.025,40.81,40.94,26.29,1281600
2006-03-14,40.95,41.17,40.44,41,26.3285,1809700
2006-03-15,41,41.2,40.9,41.11,26.3992,1209300
2006-03-16,41.3,41.5,40.96,41.01,26.335,1693900
2006-03-17,41.25,41.47,41.14,41.22,26.4698,1590000
2006-03-20,41.37,41.5,41.06,41.2,26.457,1189100
2006-03-21,41.2,41.33,40.44,40.64,26.0974,2481800
2006-03-22,40.14,40.75,39.85,40.58,26.0588,2252700
2006-03-23,41.86,41.86,40.53,40.74,26.1616,1140800
2006-03-24,40.86,40.87,39.88,40.39,25.9368,1209300
2006-03-27,40.5,40.82,40.12,40.25,25.8469,801600
2006-03-28,40.05,40.1,38.94,39.3,25.2369,1981100
2006-03-29,39.35,39.88,39.23,39.76,25.5323,1267700
2006-03-30,40.545,40.545,39.44,39.66,25.468,1393900
2006-03-31,39.83,40.02,39.17,39.18,25.1598,1246000
2006-04-03,39.42,39.61,38.14,38.22,24.5433,2428000
2006-04-04,38.645,38.93,37.7,38.75,24.8837,2073500
2006-04-05,38.67,39.1,38.49,38.84,24.9415,1289500
2006-04-06,40.1,41.03,39.85,40.71,26.1423,2543400
2006-04-07,42.17,42.17,39.8,39.93,25.6414,1308100
2006-04-10,39.71,39.9,39.14,39.27,25.2176,1222200
2006-04-11,39.17,39.23,38.4,38.81,24.9222,1403800
2006-04-12,38.9,39.23,38.51,39.01,25.0506,1175100
2006-04-13,39.26,40.1,39.12,39.81,25.5644,1914500
2006-04-17,39.4,39.82,38.33,38.7,24.8516,1384100
2006-04-18,38.7,39.4,38.7,39.23,25.1919,1684400
2006-04-19,39.1,39.34,38.62,39.15,25.1405,1693800
2006-04-20,39.02,39.5,39,39.18,25.1598,1679000
2006-04-21,39.65,39.85,38.4,38.64,24.813,1393800
2006-04-24,38.5,38.64,37.87,38.24,24.5562,1755600
2006-04-25,38.22,38.51,37.65,37.81,24.2801,1729000
2006-04-26,37.7,38.1297,37.55,37.9,24.3378,1392600
2006-04-27,37.91,38.9,37.73,38.44,24.6846,1291200
2006-04-28,38.34,39,38.28,38.33,24.614,1041200
2006-05-01,38.48,38.95,38.33,38.49,24.7167,1563700
2006-05-02,38.63,38.75,37.5,37.94,24.3635,1782800
2006-05-03,38.15,38.97,38.15,38.62,24.8002,2306700
2006-05-04,38.85,39.32,37.51,37.93,24.3571,3091900
2006-05-05,38.06,38.85,38.06,38.66,24.8259,2600200
2006-05-08,38.5,39.44,38.49,39.31,25.2433,1929900
2006-05-09,39.27,39.5,39,39.3,25.2369,1583800
2006-05-10,39.05,39.4,39,39.25,25.2048,1319100
2006-05-11,39.02,39.17,37.83,38.26,24.569,2354500
2006-05-12,38.27,38.27,36.59,36.65,23.5351,2013300
2006-05-15,36.63,37.29,36.03,36.77,23.6122,2382900
2006-05-16,36.82,37.12,35.5,35.92,23.0664,2913800
2006-05-17,35.75,35.75,34.8,35.32,22.6811,3020600
2006-05-18,35.55,36.36,34.67,35.5,22.7967,3892600
2006-05-19,36.6,36.7,35.08,35.28,22.6554,4823400
2006-05-22,34.44,34.89,33.8,34.59,22.2123,3560200
2006-05-23,34.65,35.55,34.63,34.67,22.2637,2964300
2006-05-24,34.67,34.9,33.41,34.33,22.0453,3361700
2006-05-25,35.25,36.01,34.85,35.96,23.0921,3446500
2006-05-26,36,36.21,35.84,36.09,23.2389,2087400
2006-05-30,35.75,35.85,35.16,35.43,22.8139,1840300
2006-05-31,35.6,36.88,35.59,36.83,23.7154,4105500
2006-06-01,37.01,37.85,36.96,37.15,23.9214,3330400
2006-06-02,37.1,37.15,36.15,37.04,23.8506,1859300
2006-06-05,36.7,37,35.94,36.08,23.2324,1529400
2006-06-06,36.6,36.85,35.74,36.3,23.3741,2727200
2006-06-07,36.85,37.6,36.7,36.96,23.7991,2431500
2006-06-08,36.85,36.85,34.75,35.9,23.1165,3658600
2006-06-09,35.76,36.55,35.75,36.34,23.3998,1512900
2006-06-12,36.34,36.56,34.7,34.7,22.3438,2999000
2006-06-13,34.7,35.13,34.18,34.19,22.0154,2923100
2006-06-14,34.07,34.85,34.07,34.81,22.4147,1562800
2006-06-15,34.85,36.8,34.84,36.59,23.5608,2684000
2006-06-16,36.23,36.75,35.73,35.85,23.0843,2474800
2006-06-19,35.86,36.12,35.22,35.4,22.7946,1457300
2006-06-20,35.6,36.5,35.53,36.18,23.2968,2017800
2006-06-21,36.07,37.1,35.75,36.91,23.7669,1889700
2006-06-22,36.8,37.18,36.66,36.94,23.7862,1799200
2006-06-23,36.74,37.18,36.3,36.76,23.6703,2002200
2006-06-26,36.7,37.3,36.26,36.28,23.3612,2142600
2006-06-27,35.47,36.44,35.47,35.84,23.0779,1453900
2006-06-28,35.87,36.16,35.33,35.47,22.8396,1622600
2006-06-29,35.77,36.2,35.58,36.11,23.2517,2345400
2006-06-30,36.15,36.65,36.06,36.5,23.5029,1810500
2006-07-03,36.5,36.73,36.27,36.47,23.4836,556400
2006-07-05,36,36.11,35.35,35.76,23.0264,1869000
2006-07-06,35.7,37.42,35.25,37.11,23.8957,4807600
2006-07-07,36.95,37.65,36.45,36.95,23.7926,2995500
2006-07-10,37,37.5,36.77,37.04,23.8506,1453200
2006-07-11,37,37.42,36.68,37.36,24.0566,1357300
2006-07-12,37.25,37.33,35.9,35.97,23.1616,2659400
2006-07-13,35.52,35.58,33.93,34.19,22.0154,3854400
2006-07-14,34.1,34.23,33.06,33.44,21.5325,2382800
2006-07-17,33.25,33.94,33.23,33.56,21.6098,1645700
2006-07-18,32.76,33.5,31.77,32.36,20.8371,3342700
2006-07-19,32.69,34.15,32.69,33.8,21.7643,2353700
2006-07-20,33.95,34.17,32.57,32.67,21.0367,1578700
2006-07-21,32.69,32.69,31.89,32.45,20.895,2000000
2006-07-24,32.46,33.58,32.45,33.27,21.423,2303000
2006-07-25,33.17,33.98,32.91,33.7,21.6999,2128000
2006-07-26,33.47,33.63,32.99,33.23,21.3973,2392000
2006-07-27,33.57,33.93,33,33.04,21.2749,2664400
2006-07-28,33.07,33.95,33.07,33.84,21.7901,1747700
2006-07-31,33.9,35.01,33.84,34.3,22.0863,2179900
2006-08-01,34.1,34.1,32.97,34,21.8931,2625300
2006-08-02,34.02,34.1,33.11,33.36,21.481,2576800
2006-08-03,33.36,35.9,33.3,35.62,22.9362,4915400
2006-08-04,35.98,36.24,34.69,34.88,22.4597,1916400
2006-08-07,34.5,35.06,34.25,34.46,22.1893,2503500
2006-08-08,34.6,34.93,34.05,34.06,21.9317,2491600
2006-08-09,34.44,34.75,33.5901,33.61,21.642,1680400
2006-08-10,33.51,34.1,33.06,33.88,21.8158,2773400
2006-08-11,34.07,34.85,34.07,34.31,22.0927,1701900
2006-08-14,35.1,35.84,34.74,34.81,22.4147,1879700
2006-08-15,35.9,36.26,35.14,36.12,23.2582,2036500
2006-08-16,36,36.95,35.9,36.51,23.5093,3218500
2006-08-17,36.69,37.38,36.45,36.5,23.5029,2651000
2006-08-18,37.25,37.25,35.5,36.68,23.6188,4094900
2006-08-21,36.24,36.48,35.85,35.98,23.168,1980100
2006-08-22,35.98,36.67,35.75,36.42,23.4514,2063000
2006-08-23,36.17,36.25,35.569,35.72,23.0006,1432800
2006-08-24,35.68,35.68,33.95,34.19,22.0154,4992000
2006-08-25,34.19,34.25,33.31,34.05,21.9253,3589300
2006-08-28,34.05,34.93,34.03,34.65,22.3116,1434100
2006-08-29,34.55,35.01,33.93,34.9,22.5364,2298700
2006-08-30,35.2,35.48,34.76,35.28,22.7817,1978800
2006-08-31,36.45,37.47,36.25,37.35,24.1184,5611300
2006-09-01,37.5,38.18,37.24,37.94,24.4994,4089300
2006-09-05,38.08,38.39,37.45,37.65,24.3121,2543300
2006-09-06,37.25,38.07,37.16,37.9,24.4736,1931900
2006-09-07,37.75,39.09,37.7,38.47,24.8416,2775300
2006-09-08,38.5,39.6,38.2,39.51,25.5132,3106900
2006-09-11,39.5,39.99,39.17,39.75,25.6682,2270300
2006-09-12,39.81,41.2,39.76,40.88,26.3979,3407600
2006-09-13,40.66,42.7,40.54,42.43,27.3988,6608800
2006-09-14,41.94,42.34,41.65,42.03,27.1405,2803600
2006-09-15,42.49,42.5,41.41,41.6,26.8628,4113700
2006-09-18,41.88,42.69,41.36,41.9,27.0565,2447300
2006-09-19,41.9,42.77,41.7,42.42,27.3923,2372300
2006-09-20,43.22,43.99,42.57,43.49,28.0833,4303400
2006-09-21,43.4,43.64,42.37,42.55,27.4763,2898400
2006-09-22,42.31,43.09,42.02,42.58,27.4956,2865700
2006-09-25,42.67,43.76,42.51,43.65,28.1866,2470500
2006-09-26,42.95,43.52,42.62,43.2,27.896,2857100
2006-09-27,43.2,43.79,42.73,43.58,28.1414,2495100
2006-09-28,43.45,43.92,43,43.75,28.2512,1927600
2006-09-29,43.78,43.89,42.06,42.3,27.3148,2888700
2006-10-02,42.2,43.55,42.11,42.82,27.6506,2271700
2006-10-03,42.99,44.06,42.63,44.03,28.432,2357600
2006-10-04,44,45.22,43.68,45.19,29.181,2952600
2006-10-05,45.18,45.75,44.11,45.44,29.3425,2929800
2006-10-06,45.44,45.44,44.55,44.69,28.8582,1851100
2006-10-09,44.44,45.75,44.29,45.55,29.4135,1444500
2006-10-10,45.55,46,45.19,45.74,29.5362,1491700
2006-10-11,45.36,46.16,45.04,45.69,29.5039,1796700
2006-10-12,45.74,47.35,45.7201,47.3,30.5435,2685200
2006-10-13,47.1,47.41,46.85,47.07,30.395,1404200
2006-10-16,46.83,47.63,46.62,47.37,30.5887,1570200
2006-10-17,47.37,47.37,46.14,46.97,30.3304,1866000
2006-10-18,47.4,47.86,47.2,47.64,30.7631,1893100
2006-10-19,47.64,48.16,47.05,47.31,30.55,1323400
2006-10-20,47.63,47.72,46.7,47.2,30.479,1948200
2006-10-23,47.16,48.46,46.93,48.29,31.1828,1950500
2006-10-24,48.29,49.08,48.15,48.87,31.5573,2316000
2006-10-25,49,49.52,47.46,47.61,30.7437,2196400
2006-10-26,48.01,48.4,47.57,48.37,31.2345,2066800
2006-10-27,47.97,48.2,46.77,46.83,30.24,2686800
2006-10-30,46.83,48.58,46.4,48.35,31.2216,2257700
2006-10-31,48.45,48.7813,47.21,47.35,30.5758,1883500
2006-11-01,47.4,47.53,46.25,46.3,29.8978,2606000
2006-11-02,46.3,47.99,45.7,46.76,30.1948,3778900
2006-11-03,46.91,47.17,45.72,46.06,29.7428,1809100
2006-11-06,46.18,46.89,46.05,46.69,30.1496,1553600
2006-11-07,46.51,47.6,46.283,47.15,30.4467,1340900
2006-11-08,46.75,47.3,46.61,46.89,30.2788,2181700
2006-11-09,46.89,46.93,45.37,45.54,29.407,3486900
2006-11-10,46.15,46.88,45.85,46.75,30.1884,2586900
2006-11-13,47,48.59,46.36,46.4,29.9624,3952600
2006-11-14,47.26,47.94,46.76,47.81,30.8729,2416400
2006-11-15,48.02,48.6,47.96,48.16,31.0989,2096700
2006-11-16,48.25,48.27,47.32,47.92,30.9439,1950900
2006-11-17,47.9,48.24,47.45,48.08,31.0472,2727900
2006-11-20,48.08,48.73,47.31,47.49,30.6662,3140800
2006-11-21,48.94,50.3,47.8,49.62,32.0417,5702100
2006-11-22,49.92,50.79,49.76,50.52,32.6228,2584300
2006-11-24,49.75,50.29,49.7344,50,32.287,1900300
2006-11-27,49.69,50.29,49.48,49.54,31.99,4519800
2006-11-28,49.3,49.87,48.89,49.3,31.8981,3793400
2006-11-29,49.38,50.69,49.38,50.41,32.6163,3607400
2006-11-30,49.5,49.5,48.44,49.02,31.717,7402100
2006-12-01,48.25,49.33,47.26,47.81,30.9341,3603200
2006-12-04,48.14,48.85,48.01,48.35,31.2834,2847700
2006-12-05,48.32,49.31,48.09,49.31,31.9046,3137400
2006-12-06,49.14,49.71,49.14,49.61,32.0987,2148000
2006-12-07,49.55,49.98,48.98,49.11,31.7752,1986900
2006-12-08,48.91,49.2,48.53,48.61,31.4517,1836700
2006-12-11,48.56,49.78,48.04,49.6,32.0922,2804400
2006-12-12,49.38,49.87,48.58,49.12,31.7817,2277100
2006-12-13,49.85,50,49.42,49.84,32.2475,1908000
2006-12-14,49.74,50.97,49.717,50.62,32.7522,1931800
2006-12-15,51.29,51.4,50.09,50.3,32.5451,2489000
2006-12-18,50.51,50.7,49.5,49.72,32.1699,2117300
2006-12-19,49.28,49.81,48.69,49.65,32.1246,1986000
2006-12-20,49.61,50.06,48.99,49.05,31.7364,2114600
2006-12-21,49.2,49.24,48.11,48.23,31.2058,2740500
2006-12-22,48.35,49.16,48.23,48.85,31.607,2328000
2006-12-26,49.64,49.64,47.85,48.26,31.2252,1791600
2006-12-27,48.46,48.73,47.92,48.53,31.3999,1417200
2006-12-28,48.53,49,48.2,48.52,31.3934,873000
2006-12-29,48.67,49.55,48.63,49.34,31.924,2341300
2007-01-03,50,51.39,50,51.39,33.2504,5144800
2007-01-04,51.39,52.64,51.1875,52.26,33.8133,4253200
2007-01-05,52.26,52.26,51.15,51.28,33.1792,2665400
2007-01-08,51.28,51.99,51,51.55,33.3539,2241500
2007-01-09,51.54,52.2,51.15,52.11,33.7162,2066700
2007-01-10,52.18,52.53,51.82,52.36,33.878,1968000
2007-01-11,52.56,53.75,52.45,53.53,34.635,2655600
2007-01-12,53.55,55,53.47,54.81,35.4632,3341500
2007-01-16,54.78,55,54.15,54.96,35.5603,1625800
2007-01-17,54.96,55.25,54.35,54.6,35.3273,1663700
2007-01-18,54.09,55.8,54.09,55.53,35.9291,2590500
2007-01-19,55.54,55.54,54.5,55.03,35.6055,2583500
2007-01-22,55,55.03,53.65,54.22,35.0815,1961300
2007-01-23,54.2,54.67,53.67,53.94,34.9003,1971900
2007-01-24,54.21,55,53.97,54.96,35.5603,1488500
2007-01-25,54.96,54.99,53.4,53.54,34.6415,1391300
2007-01-26,53.85,54.16,53.28,53.65,34.7127,1820300
2007-01-29,53.7,54.51,53.26,54.44,35.2238,1865300
2007-01-30,54.85,54.95,53.6,54.53,35.282,2613100
2007-01-31,54.53,55.99,54.3,55.71,36.0455,1980800
2007-02-01,56.7,57.1,56.03,56.94,36.8414,2236800
2007-02-02,56.94,57.05,56.34,56.68,36.6731,1249100
2007-02-05,56.81,57.25,56.4,56.5,36.5567,1792900
2007-02-06,56.75,57.1,56.3,56.7,36.6861,2276900
2007-02-07,56.72,57.03,56,56.84,36.7767,1298700
2007-02-08,56.84,57.1,56.3,56.98,36.8672,1938400
2007-02-09,57.25,57.5,56.43,56.88,36.8025,1800400
2007-02-12,57.55,57.7,56.63,56.74,36.712,2007651
2007-02-13,56.9,57.7,56.76,57.66,37.3072,1444492
2007-02-14,57.8,58.88,57.76,58.62,37.9284,2383386
2007-02-15,58.5,58.96,58.06,58.72,37.9931,1487900
2007-02-16,58.53,58.6,57.93,58.46,37.8248,1483100
2007-02-20,58.2,59.57,58.18,59.12,38.2519,2260800
2007-02-21,59.11,59.65,58.55,59.17,38.2842,2602600
2007-02-22,59.25,59.7,58.29,59.66,38.6013,2164200
2007-02-23,59.41,59.4955,57.7,58.22,37.6695,3387500
2007-02-26,58.55,58.6,56.44,56.6,36.7009,3854696
2007-02-27,54.05,54.06,51.12,52.3,33.9126,8959400
2007-02-28,52.36,53.43,51.57,52.98,34.3536,3779600
2007-03-01,52.5,53.89,51.45,53.63,34.775,3787007
2007-03-02,53.63,53.81,52.3,52.41,33.984,3055900
2007-03-05,52,52,50.38,50.49,32.739,3524537
2007-03-06,51.1,51.5,50.14,51.06,33.1086,4182500
2007-03-07,51,51.25,49.76,50.42,32.6936,5529100
2007-03-08,52,53.8,52,52.68,34.159,8306700
2007-03-09,53.25,53.25,50.93,51.57,33.4393,4391200
2007-03-12,51.71,52.96,51.49,52.87,34.2822,3487400
2007-03-13,52.3,52.8,51.62,52.22,33.8608,3514600
2007-03-14,51.75,52.06,49.35,51.02,33.0826,6548520
2007-03-15,51.05,51.62,50.89,51.16,33.1734,1947900
2007-03-16,51.16,51.32,50.57,50.96,33.0437,2288500
2007-03-19,51.2,51.8,51.14,51.35,33.2966,2160400
2007-03-20,51.6,52.09,51.29,51.97,33.6987,1795800
2007-03-21,51.95,52.91,51.3,52.78,34.2239,1891518
2007-03-22,53.55,53.55,52.2,53.02,34.3795,1526500
2007-03-23,52.85,53.63,52.78,53.45,34.6583,1026400
2007-03-26,53.45,53.45,52.48,52.92,34.3147,1681700
2007-03-27,52.85,52.88,52.11,52.25,33.8802,1602800
2007-03-28,51.83,52.01,50.38,51.46,33.368,3143800
2007-03-29,52.23,52.35,51.15,52.16,33.8219,2168447
2007-03-30,52.16,53.63,52.16,52.94,34.3276,3611428
2007-04-02,53.31,53.95,53.11,53.74,34.8464,2822823
2007-04-03,54.05,54.59,53.98,54.17,35.1252,1741600
2007-04-04,54.35,54.42,53.76,54.08,35.0668,1198500
2007-04-05,54.08,54.4,53.76,54.13,35.0993,1081300
2007-04-09,54.65,54.75,53.59,54.59,35.3975,1270200
2007-04-10,54.97,55.6,54.42,54.91,35.605,1730363
2007-04-11,55,55.27,54.28,54.85,35.5661,1852802
2007-04-12,54.85,56.03,53.69,55.61,36.0589,2824000
2007-04-13,55.5,55.75,54.49,54.92,35.6115,1585100
2007-04-16,55.17,55.64,54.81,55.48,35.9746,1469650
2007-04-17,55.5,56.11,55.3,55.83,36.2016,1370900
2007-04-18,55.83,56.08,55.2,55.6,36.0524,1636275
2007-04-19,56,56,55.152,55.81,36.1886,1383951
2007-04-20,56.5,56.72,56.21,56.72,36.7787,1723672
2007-04-23,56.6,56.96,56.39,56.68,36.7527,1088600
2007-04-24,56.68,56.68,55.13,56.18,36.4285,1672200
2007-04-25,56.64,56.64,55.77,55.88,36.234,1550958
2007-04-26,56.03,56.6,55.8,56.15,36.4091,1243800
2007-04-27,56.15,56.41,55.69,56.21,36.448,1077400
2007-04-30,56.17,56.29,54.88,54.92,35.6115,2343716
2007-05-01,54.5,55.25,53.78,55.18,35.7801,2304262
2007-05-02,55.76,56.47,55.25,55.99,36.3053,2126641
2007-05-03,56.21,56.37,55.05,55.51,35.9941,2739400
2007-05-04,55.99,55.99,55.39,55.6,36.0524,1863800
2007-05-07,55.65,55.86,55.22,55.42,35.9357,2638625
2007-05-08,55.12,55.49,54.77,55,35.6634,1443900
2007-05-09,54.95,56,54.75,55.76,36.1562,2151900
2007-05-10,55,55.76,54.15,54.19,35.1382,3304300
2007-05-11,54.45,54.48,53.16,53.98,35.002,3050500
2007-05-14,54.12,54.75,54.05,54.19,35.1382,2111469
2007-05-15,54.09,54.67,53.41,53.47,34.6713,2269000
2007-05-16,53.48,54.16,52.3,52.49,34.0358,3618706
2007-05-17,52.67,53.86,52.65,53.17,34.4768,3698097
2007-05-18,54.38,55,52.75,53.35,34.5935,4845700
2007-05-21,53.05,53.45,52.3,52.7,34.172,3170200
2007-05-22,52.73,52.79,51.95,52.05,33.7505,3412300
2007-05-23,52.18,52.84,51.65,51.74,33.5495,2371800
2007-05-24,52.13,52.8,51.28,51.57,33.4393,2738100
2007-05-25,51.6,52.22,51.58,51.79,33.5819,1420800
2007-05-29,51.75,52.02,50.88,51.08,33.2035,2461300
2007-05-30,50.79,51.37,50.4,51.27,33.327,8503200
2007-05-31,51.59,52.03,51.4,51.93,33.756,2840300
2007-06-01,52.25,53.64,52.19,53.43,34.7311,4389000
2007-06-04,52.85,53.55,52.72,53.54,34.8026,2086357
2007-06-05,53.33,53.44,52.72,52.99,34.4451,3098200
2007-06-06,52.99,53.15,52.38,53.03,34.4711,3269693
2007-06-07,53.5,53.79,51.4,51.47,33.457,3056650
2007-06-08,52.29,52.932,51.89,52.92,34.3996,2256894
2007-06-11,52.77,52.77,51.92,52.52,34.1396,1761600
2007-06-12,52.51,52.52,51.2,51.41,33.418,2592558
2007-06-13,51.75,52.29,51.5,52.27,33.9771,2078100
2007-06-14,52.34,53.12,52.3,52.96,34.4256,2373604
2007-06-15,53.54,54,52.88,52.96,34.4256,2639800
2007-06-18,53.21,53.46,51.7808,52.12,33.8796,2492038
2007-06-19,52.05,52.14,51.04,51.54,33.5025,3323300
2007-06-20,51.57,51.95,50.75,50.85,33.054,2598900
2007-06-21,50.74,51.47,50.4,51.23,33.301,2190000
2007-06-22,51.2,51.5,50.8,51.01,33.158,2024399
2007-06-25,51.05,51.29,50.3,50.64,32.9175,2145050
2007-06-26,51,51,50.14,50.2,32.6315,3333000
2007-06-27,49.35,50.23,48.6,50.17,32.612,5961790
2007-06-28,50.17,51.19,49.92,50.36,32.7355,3006200
2007-06-29,50.41,51.7,50.33,51.12,33.2295,3333000
2007-07-02,51.15,51.25,50.36,50.5,32.8265,3460500
2007-07-03,50.45,50.5,49.51,49.74,32.3325,1508200
2007-07-05,49.7,49.96,49.2,49.6,32.2415,4230700
2007-07-06,49.46,49.68,48.92,49.58,32.2285,4407100
2007-07-09,49.52,49.56,48.83,49.09,31.91,2798000
2007-07-10,48.48,48.53,47.1,47.55,30.9089,6101844
2007-07-11,47.35,48.43,47.19,48.22,31.3444,3823500
2007-07-12,49.58,49.9,48.22,48.94,31.8125,4169673
2007-07-13,48.7,49.52,48.3,49.41,32.118,2444200
2007-07-16,49.31,49.39,48.2,48.36,31.4354,2168800
2007-07-17,48.25,48.25,47.51,47.87,31.1169,3122200
2007-07-18,47.79,48.55,47.23,47.61,30.9479,3102400
2007-07-19,47.9,48.84,47.6,48.62,31.6044,2436505
2007-07-20,49.4,49.51,47.42,47.45,30.8439,2396700
2007-07-23,48.23,48.23,46.67,46.91,30.4929,3362200
2007-07-24,46.43,46.81,44.98,45.14,29.3423,3646213
2007-07-25,45.35,45.5,44.04,44.6,28.9913,4032781
2007-07-26,44,44.52,42.7,43.45,28.2438,5308099
2007-07-27,44.04,45.59,43.5,43.91,28.5428,6001190
2007-07-30,46.2,47.37,45.5,47.06,30.5904,6394675
2007-07-31,48.85,50,47.45,47.58,30.9284,6060033
2007-08-01,47.56,47.77,46.63,47.63,30.9609,4450480
2007-08-02,48.39,48.52,46.96,48.17,31.3119,3068921
2007-08-03,47.95,48.21,46.07,46.07,29.9469,3155658
2007-08-06,46.06,47.74,45.2,47.74,31.0324,4073193
2007-08-07,48,49,46.79,48.69,31.65,5782900
2007-08-08,49.44,51.64,48.29,51.11,33.223,6357338
2007-08-09,50,53.47,48.44,50.58,32.8785,6390900
2007-08-10,49.9,50.03,47.64,48.66,31.6305,5515354
2007-08-13,49.63,50.48,48,48.61,31.5979,3422700
2007-08-14,48.56,48.66,46.9,46.91,30.4929,3245435
2007-08-15,46.48,48,45.7,46.15,29.9989,4767398
2007-08-16,45.63,46.49,44.09,46.15,29.9989,4874479
2007-08-17,46.39,47.4,45.15,47.01,30.5579,5784562
2007-08-20,47.15,47.5,44.55,45.56,29.6154,4641655
2007-08-21,44.9,45.85,44.44,45.52,29.5894,2861600
2007-08-22,46,47.64,46,47.13,30.6359,3609200
2007-08-23,47.8,48.1,46.75,47.12,30.6294,2774900
2007-08-24,47.4,49.13,46.96,48.83,31.741,2930400
2007-08-27,48.79,49.4,47.92,48.03,31.2209,2893200
2007-08-28,47.85,48,46.83,46.9,30.4864,3940900
2007-08-29,47.2,48.21,46.73,48.16,31.3898,2677100
2007-08-30,47.51,47.77,47.03,47.54,30.9857,2687900
2007-08-31,47.86,49.2,46.6,48.1,31.3507,4014400
2007-09-04,47.75,47.95,46.84,46.98,30.6207,4567263
2007-09-05,46.85,47.72,45.95,47.19,30.7576,6115900
2007-09-06,47.99,48.89,47.3,48.05,31.3181,4601500
2007-09-07,47.09,47.53,46.5,46.98,30.6207,4506500
2007-09-10,47.2,47.39,45.88,46.51,30.3144,2440500
2007-09-11,46.7,47.7,46.4,47.34,30.8554,2992000
2007-09-12,46.9,47.22,46.61,46.94,30.5947,2713200
2007-09-13,47.34,48.94,47.15,48.47,31.5919,3255500
2007-09-14,48.07,49.69,47.81,49.42,32.2111,2638100
2007-09-17,49.15,49.16,48.22,48.81,31.8135,2687630
2007-09-18,49.13,51.72,48.73,51.34,33.4625,3599000
2007-09-19,51.46,52.52,51.34,51.9,33.8275,3911500
2007-09-20,51.65,51.8,50.18,50.75,33.0779,2496500
2007-09-21,50.61,50.93,49.81,50.74,33.0714,4895600
2007-09-24,50.8,51.02,50.01,50.71,33.0519,2192700
2007-09-25,49.49,49.49,47.94,48.44,31.5723,3517500
2007-09-26,48.7,49.18,48.13,48.2,31.4159,2973300
2007-09-27,48.31,48.32,47.08,47.27,30.8097,3063700
2007-09-28,47.31,48.07,46.77,46.89,30.5621,3284100
2007-10-01,46.8,47.66,46.32,47.28,30.8163,3759600
2007-10-02,47.15,48.9,47.14,48.78,31.7939,2677900
2007-10-03,48.56,50.25,48.44,49.47,32.2437,4096100
2007-10-04,49.51,49.75,48.57,48.85,31.8396,2305500
2007-10-05,49.35,50.51,49.1,50.01,32.5956,2872900
2007-10-08,49.66,49.94,49.13,49.25,32.1003,2274400
2007-10-09,49.26,49.26,48.36,48.96,31.9113,3034800
2007-10-10,48.62,49.12,48.3,48.61,31.6831,3568300
2007-10-11,45.93,47.6,44.21,44.97,29.3106,15409650
2007-10-12,44.9,44.97,43,43.8,28.5481,7927650
2007-10-15,43.8,43.98,41.75,42.14,27.4661,6980500
2007-10-16,41.53,41.75,40.55,41.13,26.8078,7647600
2007-10-17,41.46,41.83,40.16,40.79,26.5862,6307949
2007-10-18,40.2,41.03,39.61,39.98,26.0583,7433200
2007-10-19,39.76,40.43,38.51,38.59,25.1523,4784400
2007-10-22,38.29,39.7,38.14,39.14,25.5108,5420420
2007-10-23,39.4,39.49,37.8,38.53,25.1132,5468300
2007-10-24,38.2,38.9,37.5,38.06,24.8068,6187600
2007-10-25,38,38.94,37.66,38.28,24.9502,4671300
2007-10-26,38.59,38.93,37.8,38.85,25.3217,4401200
2007-10-29,38.88,39.7,38.82,39.07,25.4651,4284900
2007-10-30,39.89,39.97,39.08,39.67,25.8562,4744851
2007-10-31,40.09,40.09,38.6,39.44,25.7063,5211500
2007-11-01,38.93,39.13,37.73,37.75,24.6048,4184500
2007-11-02,37.95,38.12,36.12,36.5,23.7901,6535800
2007-11-05,36.13,36.22,33.71,34.45,22.4539,8274903
2007-11-06,33.73,34.86,32.94,33.4,21.7695,8942311
2007-11-07,33,34.2,32.74,33.67,21.9455,7330124
2007-11-08,34.37,34.9,31.86,32.76,21.3524,9547664
2007-11-09,32,33.26,31.82,32.38,21.1047,5622065
2007-11-12,32.39,34.75,32.02,33.0178,21.5204,7378992
2007-11-13,33.82,36.22,33.82,34.5,22.4865,6234682
2007-11-14,35.6,35.99,34.16,34.51,22.493,8679621
2007-11-15,33.37,34.57,33.04,33.5,21.8347,6438660
2007-11-16,33.66,33.8,31.97,32.51,21.1894,6702950
2007-11-19,32.02,32.18,30.46,30.52,19.8924,6484916
2007-11-20,33.2,35.25,33.2,34.21,22.2975,15646950
2007-11-21,34,35.59,33.21,34.95,22.7798,7741924
2007-11-23,35.14,35.97,34.92,35.72,23.2817,2274140
2007-11-26,36.2,36.48,34.89,34.89,22.7407,7552820
2007-11-27,34.8,35.85,34.05,34.34,22.3822,6540912
2007-11-28,34.53,35.54,33.61,35.18,23.0142,7712654
2007-11-29,35.14,35.14,33.31,33.72,22.0591,6649026
2007-11-30,34.25,34.8,33.27,33.54,21.9413,8218162
2007-12-03,33.96,35.045,33.73,34.06,22.2815,6379840
2007-12-04,33.92,36.72,33.65,36.45,23.845,8971138
2007-12-05,37.18,37.64,36.05,36.67,23.9889,7478740
2007-12-06,37.24,38.64,36.5,38.46,25.1599,8321875
2007-12-07,38.75,38.83,37.85,38.52,25.1992,4456350
2007-12-10,38.88,38.88,37.79,38.54,25.2123,2967964
2007-12-11,38.49,39.24,36.96,37.19,24.3291,4904791
2007-12-12,38.11,39.48,36.62,37.47,24.5123,5663830
2007-12-13,37.24,37.48,35.94,36.33,23.7665,4982823
2007-12-14,35.94,36.11,34.6,34.62,22.6479,5553000
2007-12-17,34.13,36.01,34,35.12,22.975,6563108
2007-12-18,35.65,35.67,34.7,35.25,23.06,3904317
2007-12-19,35.27,35.61,34.86,35.29,23.0862,3652207
2007-12-20,35.62,35.7,34.49,35.06,22.9357,3156320
2007-12-21,35.39,36.41,35.2,36.28,23.7338,4697162
2007-12-24,36.35,37.95,36.26,37.65,24.63,1998532
2007-12-26,37.69,37.69,36.01,36.54,23.9039,3098188
2007-12-27,36.26,36.4,35.69,36.05,23.5834,2400799
2007-12-28,36.06,37.09,35.84,36.93,24.159,2452908
2007-12-31,37,37.35,36.34,36.73,24.0282,2020466
2008-01-02,36.75,37,35.39,35.42,23.1712,3409210
2008-01-03,35.47,35.67,33.54,33.62,21.9937,4372106
2008-01-04,32.82,33.09,30.73,31.5,20.6068,12366730
2008-01-07,31.75,33.26,31.58,33.07,21.6339,6561056
2008-01-08,33.3,33.3,31.46,31.58,20.6591,5975589
2008-01-09,31.58,32.38,30.74,32.31,21.1367,5344428
2008-01-10,32,33.69,31.1,33.1,21.6535,5107592
2008-01-11,32.63,32.85,31.01,31.47,20.5872,6088161
2008-01-14,31.66,32.01,31.09,31.76,20.7769,4868477
2008-01-15,31.41,31.41,29.71,30.17,19.7367,6566186
2008-01-16,29.75,30.68,29.75,30.04,19.6517,7210919
2008-01-17,30.19,30.22,28.56,29.04,18.9975,7672190
2008-01-18,29.97,31.02,29.41,29.87,19.5405,7811465
2008-01-22,28,33.11,28,32.58,21.3133,8965086
2008-01-23,31.56,36.37,30.25,36.25,23.7142,12776550
2008-01-24,36.32,37.17,34.65,35.39,23.1516,7326309
2008-01-25,35.39,36.23,34.62,35,22.8965,6670760
2008-01-28,34.76,37.03,34.68,36.96,24.1787,4563626
2008-01-29,37.13,38.27,36.63,38.17,24.9702,5378215
2008-01-30,37.94,38.56,36.57,36.85,24.1067,8541512
2008-01-31,36.9,39.95,36.39,38.85,25.4151,8075981
2008-02-01,38.56,39.83,38.11,39.74,25.9973,4513374
2008-02-04,39.99,40.59,38.92,39.5,25.8403,6559990
2008-02-05,38.87,38.89,36.78,37.05,24.2375,8291989
2008-02-06,37.26,38.18,35.83,36.33,23.7665,7933908
2008-02-07,35.33,38.28,35.33,37.67,24.6431,8555850
2008-02-08,37.51,38.07,36.87,37.1,24.2702,4449282
2008-02-11,36.96,38.24,36.8,37.98,24.8459,3849926
2008-02-12,38.14,38.92,37.48,37.89,24.7871,4925398
2008-02-13,38.1,38.6,37.76,37.99,24.8525,4159799
2008-02-14,37.5,37.5,36.03,36.18,23.6684,5510550
2008-02-15,36,36.33,35.27,36.27,23.7273,4078244
2008-02-19,36.61,36.64,34.59,34.84,22.7918,4942809
2008-02-20,34.51,36.35,34.3,35.96,23.5245,3866955
2008-02-21,37.31,37.31,34.41,35.24,23.0535,4017277
2008-02-22,35.25,36.27,34.57,36,23.5506,3612864
2008-02-25,35.36,37.46,35.36,36.98,24.1917,8105990
2008-02-26,37.01,39.1,37.01,38.46,25.1599,7041623
2008-02-27,38,39.23,37.84,38.57,25.3373,5323330
2008-02-28,38.03,38.69,37.65,38.02,24.976,4954077
2008-02-29,37.7,38.64,36.75,37.03,24.3257,5528266
2008-03-03,36.9,37.43,36.02,37.23,24.457,5342949
2008-03-04,36.17,38.24,36.17,38.03,24.9826,4202956
2008-03-05,37.91,39.52,37.14,37.34,24.5293,5563516
2008-03-06,36.22,36.74,34.19,35,22.9921,9208505
2008-03-07,34.11,34.74,32.32,32.75,21.514,10034720
2008-03-10,33.57,34.22,32.57,32.81,21.5535,6717528
2008-03-11,33.63,34.27,32.48,34.06,22.3746,6899248
2008-03-12,34.07,35.07,33.56,33.67,22.1184,4726948
2008-03-13,32.61,33.61,31.8,33.49,22.0002,5876379
2008-03-14,33.8,34.16,32.21,33.02,21.6914,4452129
2008-03-17,31.56,32.62,30.72,32.41,21.2907,5840033
2008-03-18,32.97,34,32.79,33.6,22.0724,4812214
2008-03-19,33.28,34.57,33.21,33.51,22.0133,5189358
2008-03-20,33.54,35.64,33.51,35.22,23.1366,5987401
2008-03-24,35.52,38.26,35.31,37.54,24.6607,5516277
2008-03-25,37.4,37.62,36.16,37,24.3059,3264492
2008-03-26,36.73,36.85,34.32,34.43,22.6177,6373987
2008-03-27,34.58,35.72,34.02,34.59,22.7228,6068014
2008-03-28,32.94,33.69,32.51,32.62,21.4286,4702619
2008-03-31,33,33,32.21,32.6,21.4155,7146011
2008-04-01,33.06,34.69,33.06,34.2,22.4666,4861731
2008-04-02,34.2,35.54,34,34.67,22.7753,4720792
2008-04-03,34.65,34.65,33.93,34.31,22.5388,3112696
2008-04-04,33.93,34.42,33.2,33.96,22.3089,4534189
2008-04-07,33.89,34.17,33.12,33.8,22.2038,4249783
2008-04-08,33.62,34.25,33.51,34.01,22.3418,3649305
2008-04-09,34.14,34.48,32.48,33.29,21.8688,5939422
2008-04-10,32.39,34.83,32.39,34.39,22.5914,6593362
2008-04-11,33.5,34.38,33.34,33.84,22.2301,4099498
2008-04-14,33.8,34.39,33.53,33.99,22.3286,3193674
2008-04-15,34.1,34.49,33.71,34.42,22.6111,2067173
2008-04-16,34.65,34.75,33.75,34.08,22.3877,3764391
2008-04-17,33.77,34.54,33.47,34.42,22.6111,3550663
2008-04-18,35.26,36.25,35.25,36.19,23.7738,3902685
2008-04-21,36,36.33,35.5,36.15,23.7476,2128910
2008-04-22,36,36,34.13,34.66,22.7688,4346066
2008-04-23,34.4,34.8,33.93,34.28,22.5191,4309917
2008-04-24,34.27,35.98,34.26,35.57,23.3666,4007093
2008-04-25,35.67,36.75,35.64,36.61,24.0497,3706642
2008-04-28,36.49,37.5,35.96,37,24.3059,2981772
2008-04-29,36.98,38.12,36.85,38.06,25.0023,5246948
2008-04-30,37.95,37.95,34.96,35.26,23.1629,8720497
2008-05-01,35.61,36.54,34.93,35.54,23.3468,5388050
2008-05-02,36.99,37.21,35.94,36.46,23.9512,7670097
2008-05-05,36.68,36.71,35.08,35.25,23.1563,5254656
2008-05-06,35.23,36.18,34.78,36.07,23.695,4340996
2008-05-07,36.2,36.76,35.27,35.49,23.314,4269598
2008-05-08,35.01,35.82,34.19,34.67,22.7753,6940226
2008-05-09,34.49,34.93,34.04,34.39,22.5914,3727479
2008-05-12,34.53,35.87,34.38,35.7,23.452,4230248
2008-05-13,35.85,36.29,35,35.49,23.314,3797017
2008-05-14,35.65,36.94,35.49,36.14,23.741,4119312
2008-05-15,36.46,37.35,35.65,37.29,24.4964,5451908
2008-05-16,37.62,38.51,37.07,38.44,25.2519,10656680
2008-05-19,38.53,38.65,37.36,37.56,24.6738,4701736
2008-05-20,37.1,37.4,36.38,36.92,24.2534,3804386
2008-05-21,36.99,37.15,34.84,35.31,23.1958,6189095
2008-05-22,35.42,35.49,34.61,34.64,22.7556,7088452
2008-05-23,34.54,34.54,32.91,33.17,21.7899,7500029
2008-05-27,33.25,34.07,33,33.42,21.9542,5793552
2008-05-28,33.57,34.83,33.57,34.27,22.6209,5725173
2008-05-29,34.21,35.94,34.11,35.71,23.5714,6215899
2008-05-30,35.76,35.95,34.76,34.98,23.0895,7668179
2008-06-02,34.94,35.29,33.79,34.71,22.9113,5553571
2008-06-03,34.87,35.2,34.1,34.76,22.9443,4971587
2008-06-04,35,35.85,34.61,35.29,23.2941,5892766
2008-06-05,35.49,36.18,34.8,35.72,23.578,7043329
2008-06-06,35.37,35.37,33.91,33.99,22.436,5283754
2008-06-09,34.01,34.39,33.05,33.56,22.1522,3906865
2008-06-10,33.25,34.35,32.91,33.81,22.3172,3914655
2008-06-11,33.72,33.89,32.82,32.9,21.7166,3518858
2008-06-12,32.2,34.4,32.06,33.25,21.9476,4332448
2008-06-13,33.32,34.78,33.32,34.73,22.9245,3568900
2008-06-16,34.52,34.93,33.85,34.82,22.9839,3123357
2008-06-17,35.07,35.7,34.66,34.98,23.0895,4033321
2008-06-18,34.54,34.82,33.67,33.95,22.4096,4485298
2008-06-19,33.98,35.13,33.77,34.94,23.0631,4183335
2008-06-20,34.55,34.7899,33.56,33.78,22.2974,4474725
2008-06-23,33.99,34.25,32.78,33.14,21.875,3003266
2008-06-24,32.9,33.3,32,32.84,21.6769,3572610
2008-06-25,32.65,35.08,32.65,33.17,21.8948,5984448
2008-06-26,32.85,32.85,31.62,31.64,20.8849,5811738
2008-06-27,31.42,31.79,30.66,31.07,20.5086,5645059
2008-06-30,31.05,31.86,30.28,30.3,20.0003,5353824
2008-07-01,30.01,30.925,29.5,30.72,20.2776,5915368
2008-07-02,30.77,31.47,30.45,30.45,20.0994,4821709
2008-07-03,30.65,31.675,30.21,30.72,20.2776,3756857
2008-07-07,30.88,31.89,30.87,31.34,20.6868,4995828
2008-07-08,31.64,32.71,31.19,32.54,21.4789,5413894
2008-07-09,32.49,32.49,31.06,31.24,20.6208,4173624
2008-07-10,29.75,30.15,27.69,28.52,18.8254,12175470
2008-07-11,27.98,28.31,27.01,27.38,18.0729,11744870
2008-07-14,27.82,28.04,26.82,27.35,18.0531,6315761
2008-07-15,27.12,27.47,25.67,26.72,17.6373,8327326
2008-07-16,26.71,28.91,26.49,28.58,18.865,4813520
2008-07-17,28.68,30.01,27.81,29.89,19.7297,5078746
2008-07-18,30.76,30.76,29.13,30.03,19.8221,5195962
2008-07-21,29.92,30.37,28.69,28.75,18.9772,3741944
2008-07-22,28.45,29.26,27.22,29.24,19.3007,7555453
2008-07-23,28.73,31.4,28.55,30.61,20.205,8438250
2008-07-24,30.65,30.87,28.95,29.14,19.2347,4595978
2008-07-25,28.96,30.15,28.83,28.94,19.1026,4204613
2008-07-28,29.15,29.18,28.08,28.14,18.5746,3420985
2008-07-29,28.04,29.37,28.03,29.04,19.1687,4423937
2008-07-30,29.2,30.14,28.52,29.19,19.2677,4205954
2008-07-31,28.44,29.995,28.44,28.74,18.9706,4890121
2008-08-01,28.91,29.1,28,28.92,19.0894,3720792
2008-08-04,28.93,29.3,27.96,28.19,18.6076,4186783
2008-08-05,28.48,29.43,28.48,29.28,19.3271,6860131
2008-08-06,29.06,29.11,28.33,28.96,19.1158,5900777
2008-08-07,28.33,29.09,27.97,27.98,18.469,4356027
2008-08-08,28.03,29.89,27.77,29.59,19.5317,4737713
2008-08-11,29.35,33.4023,29.35,31.86,21.0301,8677001
2008-08-12,31.58,32.43,30.84,30.94,20.4228,5741304
2008-08-13,30.74,30.74,29.25,29.69,19.5977,5449901
2008-08-14,29.51,31.26,29.51,30.22,19.9475,5246618
2008-08-15,30.1,32.05,30.04,31.54,20.8188,8320919
2008-08-18,31.62,31.72,30.69,30.95,20.4294,4270560
2008-08-19,30.64,30.82,29.22,29.55,19.5053,5224498
2008-08-20,29.38,29.68,28.7,28.94,19.1026,4333941
2008-08-21,28.69,29.28,28.15,29.06,19.1819,3522554
2008-08-22,29.62,29.97,29.06,29.91,19.7429,2642183
2008-08-25,29.73,29.82,28.9,29.09,19.2017,2148986
2008-08-26,28.68,29.5,28.5,29.41,19.4129,2010026
2008-08-27,29.4,29.72,28.75,29.53,19.5987,1992260
2008-08-28,29.93,30.69,29.6,30.67,20.3553,3031472
2008-08-29,30.38,31.33,30.01,31.1,20.6407,3489500
2008-09-02,31.78,33.3,31.4,31.6,20.9725,4811293
2008-09-03,31.41,33.61,31.41,33.33,22.1207,6122077
2008-09-04,32.67,32.75,31.46,31.99,21.2314,5884616
2008-09-05,31.45,32.75,31.07,32.56,21.6097,3910003
2008-09-08,33.67,35.03,33.05,34.54,22.9238,6766653
2008-09-09,34.41,35.99,33.98,34.25,22.7313,8191948
2008-09-10,34.36,35.41,34,34.97,23.2092,5076862
2008-09-11,34.22,35.67,34.04,35.53,23.5808,6051107
2008-09-12,34.92,34.92,33.46,34.07,22.6119,5815761
2008-09-15,32.96,34.27,32.13,32.35,21.4703,7108669
2008-09-16,31.24,33.71,30.63,33.18,22.0212,6145495
2008-09-17,32.53,32.83,30.99,31.2,20.7071,6184866
2008-09-18,31.84,33.95,30.74,33.54,22.2601,9456939
2008-09-19,35.6,37,33.6,33.93,22.5189,11226410
2008-09-22,33.8,33.8,31.66,32.46,21.5433,6242822
2008-09-23,32.26,33.27,31.4,31.63,20.9925,5063254
2008-09-24,32.05,32.05,29.58,29.81,19.7845,9187689
2008-09-25,30.13,30.59,29.38,29.51,19.5854,6064947
2008-09-26,28.92,29.59,28.7,29.19,19.3731,6272621
2008-09-29,28.61,29.16,27.06,27.73,18.4041,7416216
2008-09-30,28.39,29.11,27.67,28.82,19.1275,4311702
2008-10-01,28.35,28.69,27.07,27.37,18.1651,5203557
2008-10-02,27.1,27.27,25.19,25.39,16.851,8021725
2008-10-03,25.9,25.94,23.5,23.62,15.6763,10991920
2008-10-06,22.72,24.4,22.13,24.14,16.0214,9768578
2008-10-07,24,24.85,21.86,21.89,14.5281,8466404
2008-10-08,20.18,22.78,20.01,21.57,14.3158,10804960
2008-10-09,21.35,21.59,18.59,18.97,12.5902,9937863
2008-10-10,17.94,19.25,16.58,18.38,12.1986,14578110
2008-10-13,19.55,20,17.95,19.04,12.6366,7109373
2008-10-14,20.87,20.87,18.07,18.88,12.5304,5016795
2008-10-15,18.44,18.48,16.07,16.54,10.9774,6336834
2008-10-16,16.62,17.24,15.5,16.64,11.0438,9378557
2008-10-17,16.13,17.33,16.13,16.66,11.057,6679749
2008-10-20,17.04,17.72,16.79,17.65,11.7141,4374361
2008-10-21,17.4,18.35,17.29,18.02,11.9597,5054444
2008-10-22,17.53,18.37,17.06,17.8,11.8137,8041575
2008-10-23,17.86,17.86,15.75,16.88,11.2031,8154630
2008-10-24,15.18,16.9,15,15.31,10.1611,7504551
2008-10-27,15.08,16.13,14.62,14.62,9.7031,6122628
2008-10-28,15.08,15.37,13.66,15.26,10.1279,11737830
2008-10-29,15.3,16.9,14.65,15.49,10.2805,8218309
2008-10-30,15.6,16.61,15.54,15.99,10.6124,4480052
2008-10-31,15.98,18.24,15.91,18.04,11.9729,6453357
2008-11-03,17.99,18.17,15.94,16.38,10.8712,5103402
2008-11-04,17.01,17.99,16.43,16.92,11.2296,3843301
2008-11-05,16.15,17.31,15.91,16.01,10.6256,5833492
2008-11-06,15.93,17,15.02,15.23,10.108,6146799
2008-11-07,15.28,15.69,14.51,15.5,10.2872,4990883
2008-11-10,15.68,15.92,13.83,14.04,9.3182,4772639
2008-11-11,13.85,13.93,12.84,13.3,8.8271,6742389
2008-11-12,12.82,13.5,12.57,12.62,8.3757,5015870
2008-11-13,12.615,13,11.095,12.96,8.6014,11023220
2008-11-14,12,13.2,11.74,11.74,7.7917,11154370
2008-11-17,11.59,11.95,10.81,10.82,7.1811,4998019
2008-11-18,10.82,11.24,9.64,10.38,6.8891,10939100
2008-11-19,10.32,10.73,8.69,8.98,5.9599,10710100
2008-11-20,8.88,9.58,8.24,8.4,5.575,12842180
2008-11-21,8.68,8.84,6.61,7.81,5.1834,14505840
2008-11-24,7.81,10.18,7.68,9.76,6.4776,11875090
2008-11-25,10.11,10.321,9.31,9.98,6.734,13533720
2008-11-26,9.76,11.71,9.76,11.65,7.8608,9422538
2008-11-28,11.61,11.7599,10.9,11.37,7.6719,2913097
2008-12-01,10.95,11.25,10.4625,10.86,7.3278,9220731
2008-12-02,10.79,11.05,10.11,11.03,7.4425,6666377
2008-12-03,10.44,11.34,10.44,10.9,7.3548,7461934
2008-12-04,11.44,13.04,11.01,12.01,8.1037,14490770
2008-12-05,11.85,12.84,11.26,12.8,8.6368,7891032
2008-12-08,13.64,13.79,12.9,13.29,8.9674,7602408
2008-12-09,13.16,14.2795,12.36,12.5,8.4344,6603363
2008-12-10,12.65,13.95,12.57,12.99,8.765,6517333
2008-12-11,12.9,13.19,12.42,12.62,8.5153,5051212
2008-12-12,12.15,12.96,12,12.66,8.5423,4705307
2008-12-15,12.68,12.79,11.87,12.13,8.1847,3177616
2008-12-16,12.28,13.21,12.18,13.13,8.8595,5587249
2008-12-17,12.96,14.06,12.7,13.98,9.433,5882710
2008-12-18,14.17,14.28,13.17,13.42,9.0551,5410459
2008-12-19,13.54,13.62,10.72,12.75,8.6031,22449439
2008-12-22,12.93,13.07,11.87,11.97,8.0768,7161150
2008-12-23,12.06,12.3,11.53,11.57,7.8069,3837872
2008-12-24,11.6,12.18,11.5,12.06,8.1375,1714443
2008-12-26,11.94,12.29,11.75,11.91,8.0363,1340210
2008-12-29,11.81,11.93,11.26,11.5,7.7596,2075632
2008-12-30,11.56,12.31,11.42,12.29,8.2927,4351012
2008-12-31,12.28,13.51,12.28,13.31,8.9809,6222034
2009-01-02,13.34,14.7,13.32,14.55,9.8176,5813688
2009-01-05,14.4,15.61,14.33,15.2,10.2562,7547860
2009-01-06,15.37,16.1,14.99,15.91,10.7353,8040082
2009-01-07,15.5,15.76,14.67,14.88,10.0403,5256388
2009-01-08,14.17,14.74,13.23,14.53,9.8041,9408395
2009-01-09,14.54,14.55,13.83,13.96,9.4195,5060170
2009-01-12,13.89,14.08,13.17,13.37,9.0214,4326981
2009-01-13,13.36,13.99,12.84,13.11,8.846,6345658
2009-01-14,12.55,12.91,11.8175,12.04,8.124,7142219
2009-01-15,12.05,13.23,11.64,12.68,8.5558,7901759
2009-01-16,12.83,13.1,12.5,12.99,8.765,6298636
2009-01-20,13.01,13.13,11.93,12.01,8.1037,7017792
2009-01-21,12.3,13.075,12.07,13.03,8.792,6072135
2009-01-22,12.78,13.61,12.62,13.06,8.8122,5127451
2009-01-23,12.7,13.55,12.17,13.3,8.9742,3947947
2009-01-26,13.45,14.06,13.03,13.35,9.0079,3843752
2009-01-27,13.44,13.88,13.14,13.38,9.0282,4918501
2009-01-28,13.66,14.5,13.66,14.18,9.568,3609443
2009-01-29,13.98,14.29,13.32,13.51,9.1159,3727726
2009-01-30,13.5,13.55,12.58,12.69,8.5626,6028361
2009-02-02,12.19,13.09,11.88,12.53,8.4546,11096710
2009-02-03,12.47,13.4,12.27,13.18,8.8932,5151621
2009-02-04,12.97,13.19,12.41,12.47,8.4141,5613962
2009-02-05,12.41,13.59,12.21,13.05,8.8055,8030258
2009-02-06,12.99,14.37,12.98,14.19,9.5747,5847658
2009-02-09,13.99,14.22,13.7,13.85,9.3453,2519164
2009-02-10,13.73,14.43,13.15,13.21,8.9134,5418345
2009-02-11,13.31,13.71,13.1,13.33,8.9944,3560105
2009-02-12,13.17,13.84,12.79,13.77,9.2913,5316244
2009-02-13,13.61,13.98,13.18,13.18,8.8932,3774719
2009-02-17,13,13.11,12.48,12.54,8.4614,7146325
2009-02-18,12.75,12.81,11.93,12.04,8.124,6013926
2009-02-19,12.3,12.61,11.75,11.83,7.9823,7078228
2009-02-20,11.61,12.13,11.24,11.89,8.0228,6700307
2009-02-23,12.02,12.28,11.19,11.33,7.6449,5876433
2009-02-24,12.55,13.75,12.41,13.69,9.2373,15593500
2009-02-25,13.57,14.1,12.88,13.22,9.0257,7871243
2009-02-26,13.87,13.87,12.88,12.97,8.855,4437127
2009-02-27,12.5,13.71,12.35,13.47,9.1964,6195515
2009-03-02,13.2,13.57,12.74,12.86,8.7799,5604111
2009-03-03,13.06,13.3,12.45,12.91,8.814,6887488
2009-03-04,12.91,13.92,12.84,13.59,9.2783,5954182
2009-03-05,12.88,12.97,12.04,12.23,8.3498,8786505
2009-03-06,12.35,12.57,11.67,12.16,8.302,6558719
2009-03-09,11.95,12.88,11.87,12.35,8.4317,5975698
2009-03-10,12.68,14,12.55,13.85,9.4558,7302137
2009-03-11,14.01,14.85,13.6,14.44,9.8586,7371338
2009-03-12,14.38,15.34,14.02,15.26,10.4184,6402073
2009-03-13,15.3,16.14,15.03,15.55,10.6164,5355881
2009-03-16,15.73,16,14.95,15.03,10.2614,6723179
2009-03-17,15.26,15.77,14.84,15.71,10.7257,4627395
2009-03-18,15.38,15.99,14.79,15.54,10.6096,9405085
2009-03-19,15.89,16,15.095,15.26,10.4184,4313168
2009-03-20,15.28,15.36,14.03,14.38,9.8176,4726193
2009-03-23,15.07,15.84,14.19,15.83,10.8076,4923088
2009-03-24,15.62,16.87,15.4,16.4,11.1968,7550591
2009-03-25,16.78,17.72,15.47,16.32,11.1421,8405912
2009-03-26,16.66,17.87,16.3701,17.77,12.1321,6736713
2009-03-27,17.7,17.95,17.15,17.79,12.1457,6550512
2009-03-30,17.03,17.0999,16.36,16.78,11.4562,3980660
2009-03-31,17.02,17.22,15.84,16.75,11.4357,5832521
2009-04-01,16.45,17.225,16.17,17.14,11.702,4294796
2009-04-02,17.53,18.9,17.53,18.4,12.5622,5220942
2009-04-03,18.38,19.52,18.3,19.48,13.2996,5484877
2009-04-06,19.18,19.2,18.28,18.75,12.8012,4147806
2009-04-07,18.02,18.1,16.89,16.94,11.5654,6464130
2009-04-08,17.26,18.93,17.26,18.67,12.7466,7712710
2009-04-09,19.65,22,18.98,21.91,14.9586,11411540
2009-04-13,21.51,22.47,21.11,22.26,15.1975,7093197
2009-04-14,20.75,21.98,20.72,20.97,14.3168,6851261
2009-04-15,20.76,20.96,19.2,19.94,13.6136,8285631
2009-04-16,20.13,21.76,20.02,21.24,14.5012,7234728
2009-04-17,21.26,22.33,20.98,22.26,15.1975,6606630
2009-04-20,22.04,22.04,20.58,20.79,14.1939,6520827
2009-04-21,20.37,21.48,20.25,21.21,14.4807,5167190
2009-04-22,20.58,22.75,20.54,21.44,14.6377,7533250
2009-04-23,21.93,21.95,20.41,21.14,14.4329,5000105
2009-04-24,21.37,22.85,21.2,22.5,15.3614,6181941
2009-04-27,22.12,22.26,21.31,21.76,14.8562,4992883
2009-04-28,21.41,22.32,21.09,21.63,14.7674,4241259
2009-04-29,21.99,22.4,21.5,21.65,14.7811,5657200
2009-04-30,21.98,23.17,21.7,22.63,15.4502,5971089
2009-05-01,22.67,22.99,21.83,22.5,15.3614,4035934
2009-05-04,22.82,24.08,22.27,23.96,16.3582,5621919
2009-05-05,23.69,24.62,23.51,23.9,16.3172,5886171
2009-05-06,24.41,24.97,23.25,23.78,16.2353,9745352
2009-05-07,24.55,25,22.26,23.3,15.9076,9964984
2009-05-08,23.29,23.76,22.01,23.1,15.771,5537605
2009-05-11,22.66,23.19,21.88,22.42,15.3068,5828945
2009-05-12,22.52,22.97,21.3,22,15.02,6573789
2009-05-13,21.31,21.57,19.99,20.27,13.8389,10079300
2009-05-14,20.34,21.73,20.2,20.95,14.3032,6474512
2009-05-15,21.64,23.05,21.41,22.58,15.416,17136510
2009-05-18,22.43,23.05,21.77,22.96,15.6755,7465609
2009-05-19,22.64,23.47,22.4,22.93,15.655,4466822
2009-05-20,23.1,23.89,22.03,22.22,15.1702,7238760
2009-05-21,21.94,22.23,20.74,20.9,14.269,7017024
2009-05-22,21,21.26,20.25,20.84,14.2281,3338804
2009-05-26,20.61,21.96,20.25,21.36,14.5831,4891434
2009-05-27,21.29,22.09,20.83,20.88,14.363,4739980
2009-05-28,20.37,20.74,19.21,19.52,13.4274,9068933
2009-05-29,19.66,20.21,19.49,19.69,13.5444,8438082
2009-06-01,19.75,22.69,19.75,22.45,15.4429,10124360
2009-06-02,22.18,23.46,21.8,23.03,15.8419,10065790
2009-06-03,22.72,23.11,22.36,22.82,15.6975,5569032
2009-06-04,22.47,22.47,20.92,21.23,14.6037,9598288
2009-06-05,21.54,21.97,20.71,21.09,14.5074,4106052
2009-06-08,20.54,21.4,20.2,21.15,14.5487,3705639
2009-06-09,21.37,21.62,20.97,21.37,14.7,3002558
2009-06-10,21.53,21.6997,20.41,20.77,14.2873,4045810
2009-06-11,20.61,20.93,20.25,20.52,14.1153,4049784
2009-06-12,20.4,20.84,19.95,20.77,14.2873,3978207
2009-06-15,20.45,20.58,20.14,20.38,14.019,3979091
2009-06-16,20.47,20.56,18.94,18.99,13.0629,6189220
2009-06-17,18.99,19.44,18.28,19.07,13.1179,5797519
2009-06-18,19.07,19.16,18.52,18.98,13.056,3657351
2009-06-19,19.25,19.45,18.85,19.21,13.2142,4956974
2009-06-22,19.2,19.2,18.5,18.94,13.0285,4062378
2009-06-23,18.93,19.18,18.15,18.27,12.5676,4302462
2009-06-24,18.46,19.53,18.38,19.08,13.1248,4606515
2009-06-25,18.87,20,18.87,19.61,13.4894,4748456
2009-06-26,19.66,19.99,19.42,19.53,13.4343,3073055
2009-06-29,19.59,19.93,19.14,19.65,13.5169,2767560
2009-06-30,19.95,20.49,19.53,19.89,13.682,5100920
2009-07-01,19.96,20.64,19.87,20.06,13.7989,3138669
2009-07-02,19.76,19.76,18.63,18.63,12.8152,3590123
2009-07-06,18.75,19.61,18.51,19.22,13.2211,4853231
2009-07-07,19.32,19.32,18.22,18.31,12.5951,4349832
2009-07-08,18.18,19.09,18.18,18.96,13.0422,5423680
2009-07-09,19.39,20.05,19.18,19.72,13.565,5753594
2009-07-10,19.46,20.19,19.31,19.52,13.4274,2831592
2009-07-13,19.72,20.09,19.03,20.08,13.8127,3367130
2009-07-14,20.15,20.25,19.64,20.11,13.8333,4655820
2009-07-15,20.27,21.69,20.26,21.62,14.872,5705843
2009-07-16,21.58,21.97,21.03,21.79,14.9889,3312030
2009-07-17,21.48,22.24,21.48,22,15.1334,3600906
2009-07-20,22.25,23.5,22.1,23.45,16.1308,4882084
2009-07-21,23.72,23.79,22.66,23.31,16.0345,4400408
2009-07-22,23.1,24.4,23.1,24.26,16.688,5290703
2009-07-23,24.28,26.4,23.87,25.79,17.7405,9533413
2009-07-24,25.66,26.7,25.27,26.64,18.3252,4966217
2009-07-27,26.61,26.65,25.44,26.17,18.0019,3795593
2009-07-28,25.8,26.3,25.28,25.81,17.7542,3202306
2009-07-29,25.54,25.95,24.84,25.31,17.4103,4138399
2009-07-30,25.62,26.56,25.46,25.54,17.5685,4091879
2009-07-31,25.79,26.64,25.51,26.44,18.1876,4012013
2009-08-03,27,27.5,26.54,27.5,18.9167,4735181
2009-08-04,27.3,27.72,26.98,27.13,18.6622,3995007
2009-08-05,27.26,28.18,26.59,27.96,19.2332,6186768
2009-08-06,28.4,29.25,27.69,28.01,19.2676,4371243
2009-08-07,28.5,30.73,28.45,30.3,20.8428,5849098
2009-08-10,30.21,30.37,29.02,29.36,20.1962,6805654
2009-08-11,29.27,29.9,28.75,29.4,20.2237,4882002
2009-08-12,29.06,29.867,28.92,29.42,20.2375,5866142
2009-08-13,29.74,29.89,28.54,29.76,20.4714,5455175
2009-08-14,29.12,29.83,27.59,27.87,19.1713,10679130
2009-08-17,27.06,27.53,26.86,27,18.5728,6221322
2009-08-18,27.22,27.49,26.58,26.97,18.5522,4124758
2009-08-19,26.62,27.71,26.25,27.67,19.0337,4402368
2009-08-20,27.6,27.99,27.39,27.81,19.13,4144882
2009-08-21,27.99,28.78,27.8,28.17,19.3776,3414168
2009-08-24,28.14,28.57,28.02,28.1,19.3295,4777711
2009-08-25,28.36,29.29,28.02,29.12,20.0311,5490568
2009-08-26,29.16,29.56,28.6,28.79,19.8041,3009569
2009-08-27,28.49,28.89,28.11,28.45,19.6796,3386657
2009-08-28,28.7,29.09,28.5,28.6,19.7834,3518611
2009-08-31,28.38,28.41,27.87,28.04,19.396,3451082
2009-09-01,27.99,28.92,27.32,27.55,19.057,4140101
2009-09-02,27.21,27.72,26.98,27.19,18.808,3968425
2009-09-03,27.46,29.67,27.17,29.58,20.4613,8430692
2009-09-04,29.52,29.52,28.86,29.23,20.2191,4055344
2009-09-08,29,29.95,28.92,29.18,20.1846,4803999
2009-09-09,29.12,29.85,28.66,29.75,20.5788,3431375
2009-09-10,29.75,30.055,29.3,29.94,20.7103,3359141
2009-09-11,29.9,29.94,29,29.33,20.2883,3309759
2009-09-14,29.12,29.7898,28.65,29.75,20.5788,3929043
2009-09-15,29.73,31,29.11,30.44,21.0561,7018070
2009-09-16,30.6,31.53,30.35,31.45,21.7548,6627186
2009-09-17,31.31,32.16,31.24,31.7,21.9277,5878623
2009-09-18,31.86,32.14,31.24,31.88,22.0522,3505982
2009-09-21,31.62,31.9,31.2,31.6,21.8585,2316606
2009-09-22,31.85,32.81,31.69,32.23,22.2943,3029557
2009-09-23,32.07,32.48,31.19,31.21,21.5888,3621768
2009-09-24,31.28,31.58,30.51,30.64,21.1945,3502806
2009-09-25,30.72,30.74,30.09,30.21,20.897,4159594
2009-09-28,30.41,30.86,30.29,30.6,21.1668,6622182
2009-09-29,30.8,31.12,30,30.75,21.2706,4820751
2009-09-30,30.77,30.88,29.84,30.54,21.1253,3536348
2009-10-01,30.37,30.73,29.28,29.39,20.3298,4076388
2009-10-02,29.08,29.34,28.69,28.95,20.0255,4607620
2009-10-05,29.71,31.71,29.71,31.71,21.9346,8166451
2009-10-06,31.99,32.285,31.67,32.09,22.1975,5293296
2009-10-07,31.99,32.55,31.67,32.28,22.3289,4322278
2009-10-08,32.41,33.73,32.31,33.57,23.2212,6304411
2009-10-09,33.28,33.53,32.88,33.25,22.9999,3258773
2009-10-12,33.22,34.19,33.22,33.61,23.2489,3785976
2009-10-13,33.57,34.13,33.47,33.94,23.4772,3312038
2009-10-14,34.24,34.96,34.24,34.79,24.0651,4202406
2009-10-15,34.61,34.95,34.13,34.39,23.7885,3366130
2009-10-16,34.59,34.73,33.61,34.42,23.8092,4771222
2009-10-19,34.6,36.52,34.6,35.85,24.7984,6653073
2009-10-20,36.01,36.02,35.1,35.21,24.3557,3581089
2009-10-21,35.06,35.62,33.72,33.83,23.4011,4652953
2009-10-22,33.96,34.69,33.96,34.35,23.7608,6702313
2009-10-23,34.65,34.93,33.58,33.64,23.2697,3662522
2009-10-26,33.8,34.63,33.23,33.44,23.1313,4423514
2009-10-27,33.26,33.63,31.88,31.94,22.0937,6794056
2009-10-28,31.75,32.1,30.54,30.66,21.2083,4304324
2009-10-29,30.99,32.41,30.97,32.19,22.2667,6468502
2009-10-30,32.03,32.89,31.19,31.78,21.983,7236764
2009-11-02,33.1,33.1,31.68,32.29,22.3358,6995562
2009-11-03,31.86,32.79,31.32,32.67,22.5987,6237037
2009-11-04,33.19,33.36,32.35,32.6,22.5503,5241974
2009-11-05,33.23,33.96,32.41,33.92,23.4633,6360543
2009-11-06,33.58,34.23,33.09,33.93,23.4703,3135733
2009-11-09,34.21,35.5882,34.21,35.16,24.3211,5454443
2009-11-10,34.89,35.69,34.89,35.51,24.5632,3262658
2009-11-11,35.46,35.89,34.46,34.86,24.1136,5503004
2009-11-12,35.12,35.46,33.98,34.51,23.8715,5588869
2009-11-13,33.14,34.08,32.41,33.99,23.5118,12276550
2009-11-16,35.46,35.46,34.66,35.05,24.245,4798952
2009-11-17,34.91,35.1,33.92,34.82,24.0859,6210540
2009-11-18,34.5,35.1,34.42,34.87,24.1205,2927204
2009-11-19,34.49,34.49,33.62,34.23,23.6778,3173823
2009-11-20,34.03,34.78,33.5,33.95,23.4841,3274150
2009-11-23,34.49,34.56,33.56,33.99,23.5118,3622662
2009-11-24,33.85,34.2,33.63,33.84,23.408,2252261
2009-11-25,33.97,34.91,33.81,34.83,24.2073,2941093
2009-11-27,33.9,34.75,33.67,34.02,23.6443,1909044
2009-11-30,34.09,34.09,32.83,33.45,23.2482,4290499
2009-12-01,33.89,34.73,33.55,34.34,23.8667,3951206
2009-12-02,34.28,35.25,34.18,34.72,24.1308,3533241
2009-12-03,35.02,35.6,34.51,34.97,24.3046,5184403
2009-12-04,35.71,36.48,34.84,35.24,24.4922,4055142
2009-12-07,35.34,35.82,35.17,35.25,24.4992,2648017
2009-12-08,34.86,35.63,34.46,35.08,24.381,2977583
2009-12-09,34.89,34.94,34.16,34.69,24.11,2135430
2009-12-10,34.78,35.61,34.77,35.51,24.6799,2293354
2009-12-11,35.66,36.06,35.44,36.05,25.0552,1862214
2009-12-14,36.26,36.83,35.71,36.83,25.5973,2275099
2009-12-15,36.62,36.65,35.81,35.95,24.9857,2450077
2009-12-16,36.15,36.705,35.99,36.06,25.0621,2496378
2009-12-17,35.63,36.03,35.15,35.16,24.4366,2536552
2009-12-18,35.37,35.68,34.56,35.68,24.798,3087406
2009-12-21,35.76,36.83,35.5,36.79,25.5695,2619652
2009-12-22,36.74,37.02,36.55,36.68,25.493,1470611
2009-12-23,36.86,37.51,36.61,37.47,26.0421,1735587
2009-12-24,37.55,37.81,37.22,37.37,25.9726,701124
2009-12-28,37.43,38.09,37.32,37.8,26.2715,1640832
2009-12-29,37.85,38.71,37.69,38.39,26.6815,2126128
2009-12-30,38.07,38.52,37.95,38.17,26.5286,1814365
2009-12-31,38.11,38.31,37.5318,37.58,26.1186,1311812
2010-01-04,38.13,38.15,37.55,37.92,26.3549,2816520
2010-01-05,37.78,38.17,37.201,37.33,25.9448,5012298
2010-01-06,37.32,37.67,37.19,37.43,26.0143,3784235
2010-01-07,37.81,39.01,37.18,38.93,27.0568,4647685
2010-01-08,38.76,38.87,37.65,37.79,26.2645,3930673
2010-01-11,38.14,38.39,37.66,38.35,26.6537,2063422
2010-01-12,37.87,38.04,36.75,36.81,25.5834,3468080
2010-01-13,37.11,37.44,36.7,37.36,25.9656,1484057
2010-01-14,37.44,37.49,36.62,36.73,25.5278,1820136
2010-01-15,36.52,37.06,35.91,36.02,25.0343,3862771
2010-01-19,36.02,36.38,35.8001,36.2,25.1594,2361182
2010-01-20,35.69,35.88,35.3,35.62,24.7563,2261271
2010-01-21,35.82,36.17,34.63,34.73,24.1378,2916139
2010-01-22,35.33,35.36,34.07,34.14,23.7277,4300337
2010-01-25,34.44,34.61,34.02,34.32,23.8528,1993409
2010-01-26,34.09,35.75,34.09,35.03,24.3463,2993825
2010-01-27,35,35.35,34.33,34.75,24.1517,2650956
2010-01-28,35.01,35.19,34.46,34.8,24.1864,2527025
2010-01-29,34.92,35.66,34.52,34.54,24.0057,2197586
2010-02-01,34.84,35.24,34.42,35.19,24.4575,3089997
2010-02-02,35.22,36.56,35.09,36.42,25.3123,3353643
2010-02-03,36.05,36.24,35.445,36.05,25.0552,2986327
2010-02-04,36.59,36.69,35.06,35.11,24.4019,6403372
2010-02-05,34.3,34.48,32.781,33.94,23.5887,5512101
2010-02-08,34.27,34.85,33.7,34,23.6304,4291042
2010-02-09,34.51,34.75,33.99,34.11,23.7069,4490724
2010-02-10,34.03,34.34,33.42,33.61,23.3594,2645781
2010-02-11,33.48,33.83,33.28,33.81,23.4984,3205703
2010-02-12,33.33,34.3525,33.29,34.2,23.7694,2623281
2010-02-16,34.84,35.18,34.43,35.08,24.381,2790298
2010-02-17,35.35,35.6,35,35.12,24.4088,1438121
2010-02-18,34.95,35.09,34.62,35.02,24.3393,1605416
2010-02-19,35.25,36.24,35.17,35.7,24.8119,4431696
2010-02-22,36.11,36.35,35.91,36.13,25.1108,4439945
2010-02-23,35.23,36.39,35.13,36.19,25.1525,6205679
2010-02-24,36.23,36.63,36.07,36.59,25.5434,2283618
2010-02-25,35.99,37,35.75,36.88,25.7459,2658251
2010-02-26,36.9,37.18,36.62,36.94,25.7878,1842463
2010-03-01,36.86,37.8,36.7,37.59,26.2415,2441003
2010-03-02,37.73,38,37.58,37.7,26.3183,2028250
2010-03-03,37.67,38.18,37.4,37.81,26.3951,2897372
2010-03-04,38.24,38.61,37.89,38.32,26.7511,2468068
2010-03-05,38.66,39.21,38.36,39.01,27.2328,1884325
2010-03-08,39.09,39.49,38.83,39.33,27.4562,2066616
2010-03-09,39.08,39.57,38.9,39.14,27.3236,2161233
2010-03-10,39.27,39.445,39,39.15,27.3306,1938671
2010-03-11,38.91,39.22,38.62,38.94,27.184,2201550
2010-03-12,39.25,39.97,39.02,39.83,27.8053,3013194
2010-03-15,39.4,40,39.35,40,27.9239,1815015
2010-03-16,39.72,40.13,39.42,39.72,27.7285,1797486
2010-03-17,39.78,39.94,39.34,39.91,27.8611,2480354
2010-03-18,39.81,40.29,39.66,40.26,28.1054,3311017
2010-03-19,40.37,41.07,40.11,40.42,28.2171,4009608
2010-03-22,40.07,41.38,40,41.29,28.8245,2812118
2010-03-23,41.29,41.58,40.78,41.46,28.9432,2235252
2010-03-24,41.3,41.38,40.65,40.88,28.5383,1712454
2010-03-25,41.2,41.95,41.01,41.19,28.7547,2393678
2010-03-26,41.37,42.14,41.32,41.75,29.1456,2291251
2010-03-29,42.02,42.2,41.44,41.81,29.1875,1931065
2010-03-30,41.64,41.81,41,41.36,28.8733,1563603
2010-03-31,41.14,41.36,40.7,40.85,28.5173,1612943
2010-04-01,41.25,41.69,41.11,41.5,28.9711,1222412
2010-04-05,41.54,42.88,41.33,42.76,29.8507,1913078
2010-04-06,42.61,43.42,42.15,43.37,30.2765,2751888
2010-04-07,43.38,43.38,41.88,42.1,29.3899,4045449
2010-04-08,42.09,42.09,41.35,41.44,28.9292,3496598
2010-04-09,41.75,42.61,41.44,42.55,29.7041,2528337
2010-04-12,42.66,42.7,41.95,42.01,29.3271,2031869
2010-04-13,41.9,42.3,41.6,41.83,29.2015,2080871
2010-04-14,42.09,43.1,41.86,42.95,29.9833,2121325
2010-04-15,42.73,43.61,42.52,43.46,30.3394,2873392
2010-04-16,43.21,43.56,42.57,42.95,29.9833,3275141
2010-04-19,42.63,42.99,41.03,42.19,29.4528,3492957
2010-04-20,42.38,42.9,42.02,42.88,29.9345,2840899
2010-04-21,42.73,43.87,42.58,43.72,30.5209,3492747
2010-04-22,43.32,45.55,43.23,45.34,31.6518,4794368
2010-04-23,45.33,45.97,45.05,45.9,32.0427,3373267
2010-04-26,45.95,46.22,44.58,44.68,31.191,3741621
2010-04-27,44.45,44.49,42.69,42.85,29.9135,3881038
2010-04-28,42.99,43.59,42.04,42.46,29.6413,3095094
2010-04-29,42.8,43.293,42.66,42.91,29.9554,2998966
2010-04-30,43.01,43.22,41.2,41.33,28.8524,4217186
2010-05-03,41.56,44,41.42,43.63,30.458,4649585
2010-05-04,42.96,43.18,41.45,41.67,29.0898,2800841
2010-05-05,41.12,42.79,40.74,41.5,28.9711,2746980
2010-05-06,41.35,42.95,38.63,40.56,28.3149,6634128
2010-05-07,40.19,42.03,39.7,40.06,27.9658,6968523
2010-05-10,41.79,43.37,41.63,43.25,30.1928,3896498
2010-05-11,42.99,43.5,41.99,42.08,29.376,4762238
2010-05-12,42.18,43.24,41.65,43.03,30.0392,3334662
2010-05-13,42.97,43.12,41.04,41.29,28.8245,5002380
2010-05-14,39.87,40.66,39.28,39.76,27.7564,6020153
2010-05-17,39.69,39.94,38.25,39.25,27.4004,6356660
2010-05-18,39.69,39.97,37.9,38.06,26.5696,3605314
2010-05-19,37.5,39.04,37.5,38.41,26.814,5538152
2010-05-20,37.41,38.5037,36.78,37.26,26.0111,6730703
2010-05-21,36.29,38.68,36.29,38.12,26.6115,4411358
2010-05-24,38.11,38.65,37.53,37.6,26.2485,2842516
2010-05-25,36.41,38.37,36.2,38.33,26.7581,3380682
2010-05-26,38.71,39.17,37.39,37.72,26.4704,3734475
2010-05-27,38.6,39.93,38.54,39.92,28.0143,3152079
2010-05-28,39.87,40.45,39.03,39.7,27.8599,3046343
2010-06-01,39.14,40.03,38.94,39.25,27.5441,3509272
2010-06-02,39.47,40.2506,39.17,40.25,28.2458,3574720
2010-06-03,39.26,39.3,38.08,38.52,27.0318,6658172
2010-06-04,37.71,37.92,36.13,36.47,25.5932,4915777
2010-06-07,36.58,37.6,35.73,35.82,25.137,3215696
2010-06-08,35.92,36.5,35.27,36.11,25.3406,3999636
2010-06-09,36.53,37.36,36.06,36.32,25.4879,3300830
2010-06-10,37.01,37.98,36.72,37.79,26.5195,3345823
2010-06-11,37.19,38.25,37.07,37.85,26.5616,2566844
2010-06-14,38.27,39.54,38.27,38.81,27.2353,2934781
2010-06-15,39.35,40.3,39.12,40.3,28.2809,3508018
2010-06-16,40.03,40.56,39.39,40,28.0704,3272233
2010-06-17,39.88,40.01,38.75,39.13,27.4599,2252319
2010-06-18,39.3,39.715,38.53,38.66,27.13,2499615
2010-06-21,39.21,39.51,37.41,37.73,26.4774,3378966
2010-06-22,37.86,38.68,36.83,36.89,25.8879,3963644
2010-06-23,36.87,37.23,36,36.84,25.8528,3253536
2010-06-24,36.57,36.64,35.18,35.38,24.8283,3449550
2010-06-25,35.44,35.77,34.85,35.54,24.9406,4191243
2010-06-28,35.75,36.01,34.91,34.95,24.5265,2759413
2010-06-29,34.24,34.57,32.3,32.51,22.8142,6444239
2010-06-30,32.5,33.2725,32.04,32.19,22.5897,4920613
2010-07-01,32.24,33.0226,31.47,32.81,23.0247,4561561
2010-07-02,33.18,33.46,32.06,32.17,22.5756,3197562
2010-07-06,32.82,33.5,31.53,31.97,22.4353,4083470
2010-07-07,31.85,33.82,31.73,33.76,23.6914,5291494
2010-07-08,35.6,35.6,32.54,33.69,23.6423,8688218
2010-07-09,33.72,34.65,33.49,34.54,24.2388,3267027
2010-07-12,34.34,34.51,33.6525,34.15,23.9651,1942445
2010-07-13,34.61,34.88,34.155,34.62,24.2949,2707853
2010-07-14,34.44,34.5,33.67,34.36,24.1125,2322263
2010-07-15,34.4,34.59,33.47,34.23,24.0212,2711713
2010-07-16,34.04,34.14,32.19,32.25,22.6318,3192035
2010-07-19,32.49,32.58,30.75,31.58,22.1616,6392302
2010-07-20,31.05,32.99,30.9,32.95,23.123,4797146
2010-07-21,33.2,33.26,31.92,32.04,22.4844,3583688
2010-07-22,32.56,33.71,32.56,33.53,23.53,3654785
2010-07-23,33.29,34.11,32.6,34.08,23.916,3842513
2010-07-26,34.08,34.91,33.55,34.9,24.4914,2199231
2010-07-27,35.07,35.39,34.34,34.48,24.1967,3586925
2010-07-28,34.38,34.71,33.44,33.61,23.5862,1828300
2010-07-29,33.88,34.43,32.64,33.53,23.53,3052559
2010-07-30,32.99,34.09,32.69,34,23.8598,2893516
2010-08-02,34.62,35.78,34.16,35.51,24.9195,3776462
2010-08-03,35.41,35.42,33.8801,34.01,23.8669,3681188
2010-08-04,34.25,34.96,33.91,34.74,24.3791,2899930
2010-08-05,33.94,34.34,33,34.12,23.9441,4142251
2010-08-06,33.6,34.02,33.03,33.96,23.8318,2823347
2010-08-09,34.29,35.29,34.25,35.13,24.6528,3647375
2010-08-10,34.55,34.71,34.14,34.44,24.1686,2760340
2010-08-11,33.66,34.28,33.33,33.57,23.5581,3247684
2010-08-12,32.9,33.63,31.92,33.44,23.4669,4914010
2010-08-13,31.5,32.3,30.85,31.05,21.7896,8843476
2010-08-16,30.83,30.89,29.97,30.12,21.137,5084721
2010-08-17,30.27,31.46,30.17,30.99,21.7475,3549402
2010-08-18,30.99,31.96,30.66,31.64,22.2037,3357869
2010-08-19,31.23,31.5,30.821,31.19,21.8879,3564638
2010-08-20,30.97,31.86,30.97,31.77,22.2949,2912852
2010-08-23,31.83,32.24,31.15,31.23,21.916,2333385
2010-08-24,30.78,30.78,30.09,30.38,21.3195,3403616
2010-08-25,30.03,31.28,29.9,31.12,21.8388,3401463
2010-08-26,31.21,31.46,30.17,30.19,21.1861,2788945
2010-08-27,30.3,30.41,29.6,30.28,21.391,4593037
2010-08-30,30.19,30.28,28.72,28.72,20.289,5020863
2010-08-31,28.57,29.565,28.44,28.92,20.4302,3926223
2010-09-01,29.48,30.36,29.13,30.32,21.4193,3814322
2010-09-02,31.79,32.92,31.38,32.76,23.143,6933144
2010-09-03,33.24,33.98,32.92,33.47,23.6445,4601699
2010-09-07,33.15,33.33,32.5,32.62,23.0441,4433392
2010-09-08,32.54,33.2,32.54,33,23.3125,2901697
2010-09-09,33.66,33.83,32.88,32.97,23.2913,2443979
2010-09-10,33.04,33.47,32.95,33.27,23.5033,2377945
2010-09-13,33.77,34.66,33.54,34.3,24.2309,4201504
2010-09-14,34.24,35.53,34.19,35.28,24.9232,3429123
2010-09-15,35.03,36.12,34.96,36.08,25.4884,4817182
2010-09-16,35.7,36.32,35.62,36.14,25.5307,2977674
2010-09-17,36.36,36.55,35.89,36.09,25.4954,3905455
2010-09-20,36.22,36.62,35.83,36.37,25.6932,3216769
2010-09-21,36.48,36.48,35.71,35.92,25.3753,2717604
2010-09-22,35.72,36,35.07,35.6,25.1493,3218169
2010-09-23,35.21,35.82,34.95,35.29,24.9303,2427101
2010-09-24,35.87,36.62,35.87,36.51,25.7921,2326331
2010-09-27,36.33,37.53,36.1,36.91,26.0747,4688628
2010-09-28,37.24,38.41,36.78,38.31,27.0637,4899903
2010-09-29,38.09,38.31,37.47,37.6,26.5621,3679796
2010-09-30,38,38.25,36.63,37.2,26.2796,3380875
2010-10-01,37.61,37.83,36.8,37.11,26.216,2838412
2010-10-04,37.14,37.27,36.6,37.16,26.2513,2626970
2010-10-05,37.58,37.88,36.9,37.77,26.6822,3290119
2010-10-06,37.52,37.89,37.055,37.54,26.5198,3637734
2010-10-07,37.91,38.48,36.98,38.48,27.1838,5611495
2010-10-08,38.47,39.74,38.3,39.06,27.5935,3641083
2010-10-11,39.04,39.99,38.69,39.11,27.6289,3811662
2010-10-12,38.83,39.27,38.38,39.01,27.5582,2724367
2010-10-13,39.39,39.46,38.31,38.43,27.1485,3175637
2010-10-14,38.39,38.72,37.84,38.17,26.9648,2226784
2010-10-15,38.63,38.81,37.9202,38.8,27.4099,2697280
2010-10-18,38.85,39.22,37.65,38.86,27.4523,4135834
2010-10-19,38.24,38.41,36.975,37.34,26.3785,3796194
2010-10-20,37.47,37.67,36.92,36.95,26.103,4651051
2010-10-21,37.1,37.49,35.92,36.1,25.5025,5247954
2010-10-22,36.2,37.14,36.1,36.89,26.0606,4041357
2010-10-25,37.33,38.42,37.06,37.53,26.5127,3547426
2010-10-26,37.11,38.2901,36.96,38.15,26.9507,2487747
2010-10-27,37.73,38.32,37.15,38.26,27.0284,3817975
2010-10-28,38.65,38.76,37.725,38.73,27.3604,3800245
2010-10-29,38.62,38.62,38.08,38.51,27.205,2629335
2010-11-01,38.9,39.89,38.34,38.64,27.2968,2982767
2010-11-02,38.97,39.58,38.62,39.23,27.7136,1787182
2010-11-03,39.36,39.51,38.36,39.31,27.7702,2403698
2010-11-04,39.8,41.97,39.8,41.93,29.621,4722144
2010-11-05,41.79,42.76,41.79,42.5,30.0237,2589995
2010-11-08,42.42,42.86,41.8,42.77,30.2144,2045681
2010-11-09,42.83,42.83,41.64,41.9,29.5998,2133353
2010-11-10,41.84,42.62,41.4704,42.39,29.946,2165544
2010-11-11,41.9,42.59,41.61,42.4,29.9531,1795833
2010-11-12,42.17,42.37,40.99,41.4,29.2466,3333612
2010-11-15,42,42.3,40.51,41.83,29.5504,5309530
2010-11-16,40.6,41.48,39.92,40.55,28.6461,5818928
2010-11-17,40.61,41.68,40.51,41.42,29.2607,2640025
2010-11-18,41.92,42.47,41.68,41.88,29.5857,2429738
2010-11-19,41.88,42.2,41.5,42.17,29.7906,2131611
2010-11-22,41.85,42.97,41.8,42.69,30.1579,1958377
2010-11-23,42.84,43.19,42.19,42.89,30.2992,2881068
2010-11-24,43.04,43.95,43.04,43.91,31.0198,2766549
2010-11-26,43.44,43.9,43.22,43.61,30.9488,1405741
2010-11-29,43.21,43.47,41.982,42.58,30.2179,2685170
2010-11-30,42.12,43.31,42,42.8,30.374,2500191
2010-12-01,43.63,43.63,42.83,43.43,30.8211,2869718
2010-12-02,42.75,43.25,42.01,42.14,29.9056,4413684
2010-12-03,41.84,42.04,41.34,41.82,29.6785,3391413
2010-12-06,41.78,42.8301,41.64,42.62,30.2462,2605725
2010-12-07,42.95,43.18,42.26,42.34,30.0475,1923927
2010-12-08,42.42,42.59,41.45,41.85,29.6998,2484072
2010-12-09,42.15,42.35,41.93,42.08,29.863,1680180
2010-12-10,41.85,42.38,41.69,42.18,29.934,1216560
2010-12-13,42.5299,42.5299,41.36,41.66,29.565,2653950
2010-12-14,41.66,41.97,41.52,41.77,29.643,1663989
2010-12-15,41.65,42.06,41.39,41.64,29.5508,1666510
2010-12-16,41.67,42.365,41.51,42.32,30.0333,1622592
2010-12-17,41.9,42.7001,41.82,42.31,30.0262,2158529
2010-12-20,42.47,42.79,42.2,42.69,30.2959,1553714
2010-12-21,42.89,43.18,42.58,43.18,30.6437,1440653
2010-12-22,43.19,43.27,42.68,42.85,30.4095,1929074
2010-12-23,42.74,43.09,42.5,42.79,30.3669,1164230
2010-12-27,42.45,42.58,41.76,42.09,29.8701,1210237
2010-12-28,42.14,42.5,41.74,42.15,29.9127,1410145
2010-12-29,42.17,42.87,42.11,42.13,29.8985,996876
2010-12-30,42.07,42.58,42.07,42.44,30.1185,1151718
2010-12-31,42.42,42.61,42.25,42.38,30.0759,854754
2011-01-03,42.73,43.9,42.44,43.4,30.7998,2586918
2011-01-04,43.31,43.46,42.47,42.57,30.2108,2270177
2011-01-05,42.34,43.0352,42.2,42.86,30.4166,2238970
2011-01-06,42.52,43.69,42.12,42.94,30.4733,3403656
2011-01-07,43.37,43.61,41.77,42.35,30.0546,3091191
2011-01-10,41.95,42.31,41.34,42.15,29.9127,2561971
2011-01-11,42.44,42.45,41.39,41.62,29.5366,2284945
2011-01-12,41.94,41.99,41.5799,41.75,29.6288,1736254
2011-01-13,41.5,41.93,41.44,41.63,29.5437,1580285
2011-01-14,41.57,42.19,41.39,42.09,29.8701,1962266
2011-01-18,41.9,42.46,41.81,42.19,29.9411,1491300
2011-01-19,42.12,42.36,40.84,40.91,29.0327,2813453
2011-01-20,40.75,41.78,40.75,41.24,29.2669,2440998
2011-01-21,41.7,41.99,41.3,41.37,29.3591,1913840
2011-01-24,41.43,42.21,41.32,42.18,29.934,1364565
2011-01-25,42.11,42.36,41.25,41.56,29.494,2692106
2011-01-26,41.74,41.78,41.1,41.53,29.4727,1634977
2011-01-27,41.62,42.2,41.48,41.96,29.7779,2326987
2011-01-28,41.87,41.98,40.64,40.91,29.0327,3150461
2011-01-31,41.27,41.52,40.84,41.18,29.2243,2205630
2011-02-01,41.57,41.74,40.94,40.94,29.054,2908118
2011-02-02,40.87,40.93,40.03,40.09,28.4508,4692023
2011-02-03,41.52,42.6,41.26,42.05,29.8417,5872168
2011-02-04,42.06,44.21,42,43.71,31.0198,3266136
2011-02-07,43.73,44.9,43.72,44.59,31.6443,2245594
2011-02-08,44.51,45,44.36,44.92,31.8785,2122429
2011-02-09,44.81,45.63,44.74,44.96,31.9069,2523300
2011-02-10,44.68,45.63,44.49,45.57,32.3398,1694345
2011-02-11,45.29,46.2,45.15,46.15,32.7514,1435627
2011-02-14,46.19,46.3099,45.56,45.72,32.4462,2031699
2011-02-15,45.41,46.17,45.41,45.87,32.5527,1563417
2011-02-16,46.08,46.96,46.08,46.7,33.1417,2387300
2011-02-17,46.84,47.45,46.12,46.48,32.9856,3479931
2011-02-18,45.67,47.52,45.52,46.91,33.2907,4682146
2011-02-22,46.29,46.87,45.32,45.65,32.3965,2625665
2011-02-23,45.74,46.06,44.16,44.59,31.6443,3378620
2011-02-24,44.49,45.32,44.11,45,31.9353,2739136
2011-02-25,45.35,45.88,44.96,45.49,32.283,3402703
2011-02-28,45.03,45.63,44.59,45.26,32.1198,3004601
2011-03-01,45.31,45.61,43.92,44.22,31.3817,2944739
2011-03-02,44.07,44.39,43.45,44.21,31.5387,3025397
2011-03-03,45.21,45.28,44.25,44.62,31.8311,4056761
2011-03-04,44.65,44.8082,43.6,44.08,31.4459,2464746
2011-03-07,44.38,44.4,43.21,43.26,30.8609,2187267
2011-03-08,43.24,44,42.65,43.77,31.2248,1811719
2011-03-09,43.7,44.71,43.2,44.3,31.6029,2307070
2011-03-10,43.49,44.68,43.49,44.37,31.6528,2215280
2011-03-11,44.38,44.8,44.01,44.46,31.717,2600986
2011-03-14,43.97,44.475,42.76,42.99,30.6683,3415090
2011-03-15,42.04,43.19,41.79,42.86,30.5756,2543709
2011-03-16,42.76,42.92,41.27,41.5,29.6054,4735766
2011-03-17,42.4,42.92,41.64,41.69,29.7409,3418358
2011-03-18,42.44,42.44,40.96,41.33,29.4841,4497166
2011-03-21,41.85,42.48,41.84,42.3,30.1761,1813065
2011-03-22,43.38,43.38,42.6,42.64,30.4186,2742445
2011-03-23,42.42,42.47,41.94,42.26,30.1476,3972895
2011-03-24,42.5,43.72,42.07,43.62,31.1178,5310169
2011-03-25,43.695,44.44,43.515,43.6,31.1035,2504946
2011-03-28,43.75,44.21,42.91,42.95,30.6398,2531235
2011-03-29,42.99,44.06,42.96,44,31.3888,1993957
2011-03-30,44.15,44.98,44.01,44.9,32.0309,2079324
2011-03-31,44.77,45,43.975,44.88,32.0166,2543574
2011-04-01,45,45.62,44.91,45.11,32.1807,2169063
2011-04-04,45.24,45.49,44.81,45.17,32.2235,1601410
2011-04-05,44.95,46.1,44.79,45.66,32.5731,1656155
2011-04-06,45.88,46.205,45.26,45.9,32.7443,2840351
2011-04-07,46,47.285,45.98,46.61,33.2508,3738039
2011-04-08,46.73,47.22,45.92,46.22,32.9726,2527778
2011-04-11,46.02,46.62,45.88,45.96,32.7871,1632815
2011-04-12,45.67,46.66,45.6,45.84,32.7015,2038668
2011-04-13,46.27,46.5,45.3,45.95,32.7799,1927299
2011-04-14,45.66,46.145,45.42,46.07,32.8656,1546825
2011-04-15,46.24,46.45,45.95,46.18,32.944,1551857
2011-04-18,45.52,45.69,44.74,45.38,32.3733,2095440
2011-04-19,45.53,45.95,45.34,45.79,32.6658,1947576
2011-04-20,46.55,47.22,46.4,47.01,33.5361,2001260
2011-04-21,47.2,47.3275,46.96,47.31,33.7501,2591134
2011-04-25,47.31,47.599,46.95,47.48,33.8714,1880055
2011-04-26,47.64,48.695,47.58,48.54,34.6276,2530262
2011-04-27,48.48,48.57,47.57,48.14,34.3423,2678217
2011-04-28,47.96,48.065,47.48,47.93,34.1924,1609306
2011-04-29,48,48.17,47.52,47.55,33.9214,1499669
2011-05-02,47.75,48.13,47.28,47.74,34.0569,2467498
2011-05-03,47.71,48.48,47.66,48.1,34.3137,2763424
2011-05-04,48.36,48.62,47.73,48,34.2424,3020554
2011-05-05,46.4,48.16,46.33,47.5,33.8857,4120162
2011-05-06,48,48.27,47.06,47.39,33.8072,1778180
2011-05-09,47.56,47.5999,47.02,47.31,33.7501,1359606
2011-05-10,47.87,48.42,47.72,48.26,34.4279,2609628
2011-05-11,48.74,49.43,47.95,48.7,34.7417,3664445
2011-05-12,48.47,49.35,48.1,49.17,35.077,4764277
2011-05-13,48.77,49.25,47.35,47.63,33.9784,4674583
2011-05-16,47.51,47.825,46.19,46.23,32.9797,2569347
2011-05-17,46.05,46.53,45.68,45.86,32.7157,2749034
2011-05-18,45.91,46.56,45.86,46.18,32.944,2759565
2011-05-19,46.5,46.5,45.58,46.45,33.1366,2396285
2011-05-20,46.08,46.24,44.96,45.6,32.5303,2285862
2011-05-23,44.94,45.925,44.94,45.62,32.5445,1811047
2011-05-24,45.76,46.08,45.49,45.5,32.4589,1282027
2011-05-25,45.01,45.9,44.87,45.6,32.5303,1886428
2011-05-26,45.31,46.43,45.26,46.18,33.111,2549107
2011-05-27,46.25,46.97,46.2,46.4,33.2688,1991576
2011-05-31,46.75,47.08,46.18,46.83,33.5771,2632889
2011-06-01,46.55,46.81,45.02,45.07,32.3152,2765918
2011-06-02,45.43,45.74,44.1551,44.47,31.885,3536624
2011-06-03,43.77,44.56,43.22,43.53,31.211,2951156
2011-06-06,43.45,43.82,42.86,42.89,30.7521,3044314
2011-06-07,43.17,43.5,42.55,42.58,30.5298,3636122
2011-06-08,42.4,42.62,42,42.19,30.2502,4303255
2011-06-09,42.37,43.1,42.37,42.64,30.5729,4043958
2011-06-10,42.42,42.59,41.88,42.13,30.2072,3704150
2011-06-13,42.27,42.82,42.08,42.55,30.5083,2299152
2011-06-14,43.14,44.45,43.14,44.2,31.6914,2804679
2011-06-15,43.67,44.05,43.32,43.51,31.1966,2095267
2011-06-16,43.46,44.03,42.99,43.38,31.1034,1935986
2011-06-17,43.75,44.44,43.67,43.76,31.3759,1803523
2011-06-20,43.54,44.95,43.37,44.93,32.2148,2078491
2011-06-21,45.15,46.14,45.02,46.1,33.0537,2686366
2011-06-22,45.86,46.3907,45.28,45.31,32.4872,1908326
2011-06-23,44.91,45.97,44.807,45.88,32.8959,2842734
2011-06-24,45.78,45.96,44.82,44.9,32.1933,1997722
2011-06-27,44.77,45.61,44.57,45.49,32.6163,2381832
2011-06-28,45.67,46.31,45.5,46.26,33.1684,1888440
2011-06-29,46.55,46.91,45.94,46.06,33.025,2513176
2011-06-30,46.26,47,46.25,46.94,33.6559,3005435
2011-07-01,46.85,48.31,46.7,48.24,34.588,2257541
2011-07-05,48.08,48.73,47.93,48.42,34.7171,2244857
2011-07-06,48.16,48.51,48.09,48.48,34.7601,2032135
2011-07-07,49.25,50.915,49.23,50.56,36.2515,4516599
2011-07-08,49.85,50.26,49.51,50.25,36.0292,2173959
2011-07-11,49.5,50.05,49.35,49.76,35.6779,2262671
2011-07-12,49.48,50.2,49.3,49.35,35.3839,2274576
2011-07-13,49.82,50.44,49.54,49.61,35.5703,1838594
2011-07-14,49.89,50.5,49.34,49.93,35.7998,3447383
2011-07-15,50.27,50.46,49.5,50.44,36.1654,1922999
2011-07-18,50.09,50.4,49.7,49.97,35.8285,1626737
2011-07-19,50.42,51.86,50.27,51.79,37.1334,2852770
2011-07-20,51.88,51.99,50.84,51.18,36.696,1097291
2011-07-21,51.51,52.15,51.33,51.4,36.8538,1593760
2011-07-22,51.55,51.84,51.21,51.5,36.9255,1638841
2011-07-25,50.87,51.39,50.78,51.04,36.5956,1520689
2011-07-26,50.95,51.3,50.49,50.9,36.4953,1911410
2011-07-27,50.59,50.67,49.17,49.23,35.2979,2019331
2011-07-28,49.47,50.8,49.47,50.18,35.979,3335111
2011-07-29,49.51,50.965,49.22,50.16,35.9647,2428075
2011-08-01,50.89,50.89,49.12,49.96,35.8213,2697446
2011-08-02,49.34,49.56,47.01,47.05,33.7348,5421410
2011-08-03,47.09,47.82,46.11,47.75,34.2367,4606611
2011-08-04,46.38,47.08,43.12,43.15,30.9385,7686865
2011-08-05,44.07,44.45,42.304,44.31,31.7702,7168054
2011-08-08,42.5,43.24,39.18,39.85,28.5724,5608243
2011-08-09,40.9,41.65,38.1,41.6,29.8272,6286155
2011-08-10,40.33,41.96,39.93,40.14,28.7804,5048932
2011-08-11,40.57,43.23,40.29,42.33,30.3506,3707993
2011-08-12,45.68,46,43.92,44.28,31.7487,5805051
2011-08-15,44.68,44.84,43.36,44.67,32.0284,4647830
2011-08-16,44.35,44.35,42.4,42.95,30.7951,4452495
2011-08-17,43.43,43.67,40.6,41.42,29.6981,5705747
2011-08-18,39.96,40.07,37.87,38.3,27.4611,5653248
2011-08-19,37.75,38.75,37.28,37.45,26.8516,4024725
2011-08-22,38.21,38.5,37.41,37.78,27.0882,2426228
2011-08-23,37.74,39.95,37.3,39.94,28.637,4048667
2011-08-24,39.66,41.14,39.43,41.1,29.4687,3002192
2011-08-25,41.23,42.04,39.79,39.96,28.6513,5849646
2011-08-26,39.56,42.63,39.56,42.09,30.1785,6775254
2011-08-29,42.83,44.77,42.54,44.7,32.0499,5845191
2011-08-30,44.51,45.94,44.4,45.6,32.6952,4700007
2011-08-31,45.96,46.69,44.91,45.46,32.5948,3461886
2011-09-01,45.26,45.96,44.295,44.71,32.2201,4255763
2011-09-02,43.75,44.06,43.01,43.26,31.1751,1948472
2011-09-06,41.9,43.849,41.62,43.8,31.5643,3008368
2011-09-07,44.67,46.17,44.6,45.94,33.1064,3390039
2011-09-08,45.41,46.4,44.8198,45.14,32.5299,3114895
2011-09-09,44.44,45.23,43.5,44.05,31.7444,3190477
2011-09-12,43.33,45.56,43.05,45.54,32.8182,3195259
2011-09-13,45.65,46.34,45.09,45.66,32.9047,3248947
2011-09-14,44.87,46.66,44.17,45.92,33.092,3838550
2011-09-15,46.59,47.17,45.7,47.02,33.8847,3630348
2011-09-16,47.31,48.06,47,47.89,34.5117,3229055
2011-09-19,47.11,48.32,46.66,47.98,34.5766,1920553
2011-09-20,48.17,48.93,47.42,47.49,34.2234,2202667
2011-09-21,47.59,47.9,46.1,46.18,33.2794,2016305
2011-09-22,44.25,45.89,43.63,44.81,32.2921,3676160
2011-09-23,44.41,45.7,44.2235,45.52,32.8038,2405473
2011-09-26,45.75,48.19,45.07,48.16,34.7063,3005469
2011-09-27,49.09,49.25,47.09,47.35,34.1226,2789603
2011-09-28,47.54,48.3,46.89,46.95,33.8343,2187210
2011-09-29,47.83,48.045,45.43,46.65,33.6181,3166833
2011-09-30,46.04,46.86,45.47,45.68,32.9191,2204699
2011-10-03,45.25,47.65,45.1975,45.37,32.6957,4241617
2011-10-04,44.62,48.56,44.62,48.44,34.9081,5168334
2011-10-05,48.38,48.45,46.5418,48.22,34.7495,5518750
2011-10-06,48.82,48.98,47.24,48,34.591,5430353
2011-10-07,48.28,49.74,48.08,48.69,35.0882,4441778
2011-10-10,49.56,50.81,48.79,50.67,36.5151,2169303
2011-10-11,50.17,50.32,48.545,49.26,35.499,4529720
2011-10-12,50.07,51.485,49.49,50.18,36.162,3303391
2011-10-13,50.28,50.92,49.31,49.47,35.6503,2384015
2011-10-14,50.47,51,49.48,50.7,36.5367,2619379
2011-10-17,50.37,51.29,49.9,50.03,36.0539,1978224
2011-10-18,49.93,52.61,49.06,51.97,37.4519,3263213
2011-10-19,51.85,52.1,51.08,51.32,36.9835,1805674
2011-10-20,51.14,51.33,49.88,50.58,36.4502,3069788
2011-10-21,51.37,51.61,50.74,51.59,37.1781,2819956
2011-10-24,51.73,53.35,51.43,52.77,38.0285,3019006
2011-10-25,52.25,52.25,49.75,50.63,36.4863,2824534
2011-10-26,51.57,51.73,49.61,50.46,36.3638,2796727
2011-10-27,52,53.09,50.67,52.14,37.5745,3252892
2011-10-28,51.9,52.34,50.67,51.17,36.8754,2359166
2011-10-31,50.25,51.33,49.94,50.69,36.5295,2564422
2011-11-01,49.08,50.75,48.87,50.25,36.2124,2840366
2011-11-02,51.08,51.24,50.15,50.57,36.443,3100494
2011-11-03,49.33,51.14,48.38,51.07,36.8034,4909346
2011-11-04,50.03,51,49.925,50.39,36.3133,2380479
2011-11-07,50.24,50.88,49.55,50.63,36.4863,1971697
2011-11-08,50.96,51.75,49.87,51.2,36.897,2312441
2011-11-09,49.97,50.78,48.74,48.93,35.2612,3006080
2011-11-10,49.86,50.06,48.86,49.62,35.7584,3107624
2011-11-11,47.89,49.53,47.65,49.48,35.6575,4672125
2011-11-14,49.37,49.727,48.9,49.09,35.3765,2604203
2011-11-15,48.96,49.65,48.54,49.3,35.5278,2040112
2011-11-16,48.85,49.335,48.07,48.13,34.6847,2077469
2011-11-17,48.07,48.29,46.57,47.01,33.8775,3657650
2011-11-18,47.31,47.31,46.49,46.98,33.8559,2987786
2011-11-21,46.21,46.7,45.6,46.31,33.3731,2477921
2011-11-22,46.27,46.56,45.42,45.73,32.9551,2620112
2011-11-23,45.19,45.58,44.66,44.74,32.2417,1677538
2011-11-25,44.47,45.07,44.22,44.29,31.9174,804203
2011-11-28,45.3,46.05,44.88,45.19,32.736,2443020
2011-11-29,44.7,45.3,44.29,44.66,32.352,3478890
2011-11-30,46.06,46.2,44.85,45.28,32.8012,4859499
2011-12-01,45.65,47.48,45.25,47.1,34.1196,3659018
2011-12-02,47.69,48.16,47.13,47.17,34.1703,2463070
2011-12-05,47.9,49.03,47.64,48.13,34.8657,2889370
2011-12-06,48.07,48.2,47.245,47.36,34.3079,1612050
2011-12-07,47.07,47.467,46.75,47.12,34.1341,1572506
2011-12-08,46.78,48.52,46.68,47.42,34.3514,3118130
2011-12-09,47.5,48.33,47.49,48.2,34.9164,2112005
2011-12-12,47.91,48.62,47.51,48.42,35.0758,2461809
2011-12-13,48.72,48.9,46.74,46.98,34.0327,2712922
2011-12-14,46.89,47.65,46.79,47.14,34.1486,3209700
2011-12-15,47.5,47.84,47.21,47.28,34.25,1872843
2011-12-16,47.65,48.43,46.93,47.03,34.0689,2355386
2011-12-19,47.21,47.81,46.73,46.9,33.9747,1876566
2011-12-20,47.46,49.05,47.46,48.87,35.4018,2298578
2011-12-21,48.83,49.66,48.37,49.53,35.8799,1850425
2011-12-22,49.55,50,49.05,49.16,35.6119,1283829
2011-12-23,49.18,49.87,49.11,49.83,36.0972,848555
2011-12-27,49.7,50.27,49.34,50.07,36.2711,919504
2011-12-28,49.83,50.26,49.22,49.91,36.1552,2221892
2011-12-29,49.91,50.61,49.28,50.03,36.2421,1419593
2011-12-30,49.98,50.21,49.69,49.71,36.0103,862370
2012-01-03,50.52,50.67,49.7,49.72,36.0175,2985448
2012-01-04,49.6,50.39,49.49,50.08,36.2783,2292834
2012-01-05,49.84,50.84,49.17,50.61,36.6623,2606943
2012-01-06,49.31,50.2,49.07,49.74,36.032,1916141
2012-01-09,49.78,49.95,49.19,49.66,35.9741,1731180
2012-01-10,49.9,49.91,48.87,49.36,35.7567,2180415
2012-01-11,49.33,49.56,48.68,48.98,35.4815,2638564
2012-01-12,49.3,49.3,48.4206,48.93,35.4452,1924133
2012-01-13,48.69,49.28,48.33,48.48,35.1193,1710935
2012-01-17,48.95,49.52,48.77,48.99,35.4887,1692563
2012-01-18,48.93,49.81,48.82,49.64,35.9596,2033529
2012-01-19,49.77,50.63,49.36,50.37,36.4884,2529887
2012-01-20,50.25,50.57,49.83,50.02,36.2349,1631540
2012-01-23,49.93,50.7499,49.34,49.38,35.7712,1795549
2012-01-24,49.14,49.905,49,49.62,35.9451,1802714
2012-01-25,49.64,49.7,48.37,48.74,35.3076,2842653
2012-01-26,48.91,49.38,48.12,48.46,35.1048,1980061
2012-01-27,48.3,48.75,48.14,48.55,35.17,1446561
2012-01-30,48.19,49.605,48,49.53,35.8799,2740508
2012-01-31,49.7,50.03,49.08,49.38,35.7712,2049052
2012-02-01,49.65,50,49.275,49.52,35.8726,2184664
2012-02-02,49.82,50.01,48.6675,49.11,35.5756,2138163
2012-02-03,49.52,50.4901,49.48,50.27,36.416,2111772
2012-02-06,49.97,50.12,49.64,49.79,36.0682,1945552
2012-02-07,49.63,51.11,49.43,50.6,36.655,2342648
2012-02-08,50.71,51.24,50.48,51.01,36.952,2265536
2012-02-09,51.02,51.27,50.5,51.15,37.0534,1882214
2012-02-10,50.7,51.07,50.5,50.78,36.7854,984417
2012-02-13,50.92,51.1,50.44,50.56,36.626,1841212
2012-02-14,50.54,51,50.3,50.67,36.7057,1683343
2012-02-15,50.79,51.5,50.59,51,36.9448,2617864
2012-02-16,51,52.32,50.93,52.18,37.7996,4155628
2012-02-17,51.38,52.44,50.74,51.14,37.0462,5424923
2012-02-21,51.37,53.37,51.37,52.79,38.2415,3954069
2012-02-22,52.18,53.07,52.18,52.63,38.1256,2347727
2012-02-23,52.25,53.69,52.05,53.25,38.5747,2268931
2012-02-24,53.2,53.5,52.92,53.17,38.5167,2273917
2012-02-27,52.6,54.03,52.46,53.89,39.0383,2605969
2012-02-28,53.62,53.96,53.37,53.78,39.1548,2025060
2012-02-29,53.85,54.68,53.61,53.62,39.0383,2915230
2012-03-01,53.67,53.85,52.69,53.77,39.1475,2555174
2012-03-02,54,54.09,53.336,53.55,38.9873,1376757
2012-03-05,53.46,53.75,53.18,53.5,38.9509,1294850
2012-03-06,53.09,53.19,52.3,52.41,38.1574,1585898
2012-03-07,52.72,53.35,52.463,53.2,38.7325,1355988
2012-03-08,53.63,53.92,53.29,53.68,39.082,1131139
2012-03-09,53.93,54.25,53.63,54.08,39.3732,1127737
2012-03-12,54.16,54.31,53.55,53.67,39.0747,1052760
2012-03-13,53.94,54.95,53.16,54.9,39.9702,2266588
2012-03-14,54.65,54.98,54.39,54.68,39.81,1215181
2012-03-15,54.64,55.12,54.23,55.05,40.0794,1612826
2012-03-16,55.11,55.36,54.47,54.88,39.9557,1823185
2012-03-19,54.75,54.81,53.99,54.37,39.5843,963293
2012-03-20,54.22,54.88,54,54.74,39.8537,1191650
2012-03-21,54.9,55.45,54.74,55.25,40.225,1146493
2012-03-22,54.83,55.43,54.69,54.99,40.0357,1268559
2012-03-23,54.88,54.9,53.83,54.54,39.7081,897268
2012-03-26,54.99,55.475,54.64,55.29,40.2542,873454
2012-03-27,55.28,55.67,55.08,55.4,40.3342,941375
2012-03-28,55.44,55.45,54.16,54.71,39.8319,1044257
2012-03-29,55.35,55.53,54.42,55.27,40.2396,1936678
2012-03-30,55.42,56.03,55.08,55.72,40.5672,1893546
2012-04-02,55.5,56.324,55.48,56.12,40.8584,1246443
2012-04-03,56.1,56.5,55.315,55.38,40.3197,1868735
2012-04-04,55.01,55.61,54.7,55.55,40.4435,1796163
2012-04-05,55.52,56.75,55.27,56.17,40.8948,1827485
2012-04-09,55.78,55.85,54.98,55.85,40.6619,1751024
2012-04-10,55.56,55.7195,53.2,53.46,38.9218,2134223
2012-04-11,54.12,54.76,53.96,54.63,39.7736,1764795
2012-04-12,54.66,55.25,53.89,55.09,40.1085,1496335
2012-04-13,54.82,55.42,54.63,54.99,40.0357,1282339
2012-04-16,56,56,54.89,55.52,40.4216,1841840
2012-04-17,55.76,56.24,55.52,55.96,40.742,1439984
2012-04-18,55.7,56.06,55.35,55.75,40.5891,1111845
2012-04-19,55.85,56.26,55.07,55.56,40.4507,1202155
2012-04-20,55.73,55.73,54.9,55.11,40.1231,1573896
2012-04-23,54.82,54.91,53.86,54.62,39.7664,1194578
2012-04-24,54.78,54.83,53.59,53.93,39.264,1507053
2012-04-25,54.37,55.24,54.35,55.18,40.1741,1394738
2012-04-26,55.19,55.86,54.78,55.58,40.4653,1215838
2012-04-27,55.88,56.4801,55.5,56.05,40.8075,1188507
2012-04-30,56.03,56.25,55.53,55.86,40.6692,1519082
2012-05-01,55.96,56.49,55.6,55.86,40.6692,1380153
2012-05-02,55.69,57.26,55.69,57.2,41.6447,2446517
2012-05-03,57.47,57.75,56.56,56.86,41.3972,2106364
2012-05-04,56.82,56.98,55.87,55.9,40.6983,1474279
2012-05-07,55.71,56.26,55.15,55.23,40.2105,1473457
2012-05-08,54.94,54.94,52.77,54.01,39.3222,2754623
2012-05-09,53.22,54.41,52.84,53.92,39.2567,2179180
2012-05-10,54.42,54.42,53.137,53.53,38.9728,3307963
2012-05-11,51.35,52.31,50.65,50.96,37.1017,6557476
2012-05-14,50.57,51.3,50.141,50.2,36.5484,2488594
2012-05-15,50.23,51.42,50.08,50.62,36.8541,2342232
2012-05-16,50.78,51.01,49.99,50.05,36.4392,3009632
2012-05-17,50,50.35,48.54,48.54,35.3398,3191814
2012-05-18,48.8,49.53,48.35,48.89,35.5946,2559436
2012-05-21,48.8,49.73,48.14,49.57,36.0897,2099298
2012-05-22,49.65,50.63,49.29,49.65,36.1479,2125271
2012-05-23,49.33,50.39,49.24,50.24,36.5775,1834114
2012-05-24,50.06,50.78,49.92,50.45,36.7304,1637691
2012-05-25,50.52,51.06,50.35,50.74,36.9415,1588374
2012-05-29,50.77,51.24,50.54,51.08,37.3867,2042340
2012-05-30,50.77,50.85,50.17,50.28,36.8011,1608333
2012-05-31,49.2,49.5,47.24,47.37,34.6712,6856119
2012-06-01,47.12,47.92,46.36,46.8,34.254,4435734
2012-06-04,47.35,47.5,46.41,47.47,34.7444,2677704
2012-06-05,47.09,47.3,46.27,47.06,34.4443,2867852
2012-06-06,47.28,48.13,46.91,47.82,35.0006,2087580
2012-06-07,48.28,48.43,47.38,47.66,34.8835,2272946
2012-06-08,48.15,48.84,47.9,48.77,35.6959,1921254
2012-06-11,49.15,49.229,47.69,47.7,34.9128,1866395
2012-06-12,47.91,48.91,47.8315,48.87,35.7691,1861816
2012-06-13,48.66,48.66,47.18,47.38,34.6785,1832402
2012-06-14,47.54,48.47,47.48,48.17,35.2568,1682818
2012-06-15,48.43,49.22,48.22,49.15,35.9741,1777047
2012-06-18,48.84,49.2,48.45,49.03,35.8862,1651733
2012-06-19,49.31,51.36,49.21,51.03,37.3501,2715256
2012-06-20,51.06,51.15,50.36,50.86,37.2256,1693577
2012-06-21,50.93,51.1,48.67,48.74,35.674,2825491
2012-06-22,49,49.1,48.08,48.92,35.8057,2144521
2012-06-25,48.38,48.68,47.51,47.94,35.0884,1683650
2012-06-26,48.05,49.02,47.69,48.62,35.5861,1496725
2012-06-27,47.66,48.05,47.04,47.9,35.0591,3118562
2012-06-28,47.5,48.69,47.37,48.25,35.3153,3571879
2012-06-29,48.88,49.69,48.39,49.69,36.3693,3314431
2012-07-02,49.93,50.54,49.5,50.48,36.9475,1929842
2012-07-03,50.38,51.06,49.66,50.56,37.0061,1581458
2012-07-05,51.1,52.26,50.76,51.53,37.716,3680519
2012-07-06,50.9,51.97,50.82,51.89,37.9795,1703437
2012-07-09,51.74,52.15,51.41,51.69,37.8331,1491280
2012-07-10,51.87,52.23,51.47,51.73,37.8624,2049842
2012-07-11,51.83,51.95,50.1,50.69,37.1012,2540482
2012-07-12,50.33,50.68,49.4,50.33,36.8377,2060673
2012-07-13,50.51,52.11,50.45,51.89,37.9795,1959259
2012-07-16,51.66,52.06,51.27,51.78,37.899,2100022
2012-07-17,52.05,52.745,51.44,52.48,38.4114,1414788
2012-07-18,52.24,53.25,52.13,52.9,38.7188,1153726
2012-07-19,53.02,53.47,52.66,53.28,38.9969,1432718
2012-07-20,52.94,53.04,52.36,52.44,38.3821,1615240
2012-07-23,51.55,52.31,50.9,52.11,38.1405,1269499
2012-07-24,52.36,52.6,51.35,51.76,37.8844,1312086
2012-07-25,51.92,52.85,51.78,52.45,38.3894,1199370
2012-07-26,53.18,53.68,52.2,53.34,39.0408,1533891
2012-07-27,53.23,54.73,53.23,54.4,39.8167,2256674
2012-07-30,54.36,55.47,53.65,54.55,39.9264,2873649
2012-07-31,53.47,54.79,53.32,54.14,39.6264,2328505
2012-08-01,54.44,54.44,51.5,53.08,38.8505,7732631
2012-08-02,52.66,54.43,52.56,53.31,39.0189,3322906
2012-08-03,53.2,54.72,53.15,54.35,39.7801,2865075
2012-08-06,54.57,54.99,54.29,54.45,39.8533,2486778
2012-08-07,54.73,55.75,54.14,55.22,40.4168,2470598
2012-08-08,55.13,55.57,54.71,55.45,40.5852,2089928
2012-08-09,55.21,55.84,54.02,55.08,40.3144,2887706
2012-08-10,55.68,56.65,55.45,56.13,41.0829,3394773
2012-08-13,56.13,56.16,55.28,56.02,41.0024,1665562
2012-08-14,56.3,56.53,55.96,56.44,41.3098,1830254
2012-08-15,56.36,56.8,56.3,56.51,41.361,1067590
2012-08-16,56.41,56.77,56.18,56.56,41.3976,1165559
2012-08-17,56.72,57.4,56.61,57.26,41.91,1340711
2012-08-20,57.12,57.23,56.37,56.58,41.4122,1421669
2012-08-21,56.86,57.1,56.43,56.62,41.4415,964354
2012-08-22,56.62,57.95,56.62,57.72,42.2466,2226483
2012-08-23,57.5,57.6,56.951,57.07,41.7709,1112421
2012-08-24,57.07,58.18,56.95,57.95,42.415,1357673
2012-08-27,58.15,58.37,57.13,57.68,42.2174,1553131
2012-08-28,57.61,58.41,57.41,57.44,42.0417,2490085
2012-08-29,57.55,58.05,57.25,58.03,42.4735,2127288
2012-08-30,58.21,58.44,57.49,57.53,42.3044,2174698
2012-08-31,57.78,58,57.28,57.83,42.525,1169325
2012-09-04,57.86,58,57.06,57.67,42.4074,1257525
2012-09-05,57.66,57.78,56.83,57.07,41.9661,1088625
2012-09-06,57.42,58.11,57.42,57.96,42.6206,1554984
2012-09-07,57.96,58.02,57.25,57.51,42.2897,1560607
2012-09-10,57.4,58.3,57.255,57.86,42.5471,1172193
2012-09-11,57.63,57.9,57.33,57.77,42.4809,1272275
2012-09-12,57.79,58.44,57.57,57.95,42.6133,1550688
2012-09-13,57.85,57.99,56.83,57.66,42.4,1810428
2012-09-14,57.63,58.15,57.385,57.56,42.3265,1459841
2012-09-17,57.75,58.02,57.12,57.46,42.2529,1862773
2012-09-18,57.34,57.34,55.84,56.33,41.422,2280695
2012-09-19,56.56,57.22,56.3004,56.86,41.8117,1200008
2012-09-20,56.54,56.75,56.04,56.56,41.5911,1259308
2012-09-21,57.07,57.49,56.01,56.05,41.2161,2210979
2012-09-24,55.5,55.72,55.15,55.17,40.569,1456117
2012-09-25,55.4,55.955,54.86,54.9,40.3705,1760996
2012-09-26,54.81,55.14,54.18,54.9,40.3705,1738901
2012-09-27,55,55.32,54.66,55.06,40.4881,1593553
2012-09-28,54.87,55.475,54.51,55.18,40.5763,1693217
2012-10-01,55.31,56.19,55.31,55.74,40.9881,1611216
2012-10-02,55.84,56.2,55.26,55.63,40.9073,1723912
2012-10-03,55.66,56.5,55.65,55.88,41.0911,1646134
2012-10-04,55.94,57.47,55.64,56.05,41.2161,2985669
2012-10-05,56.28,56.95,56.005,56.18,41.3117,1743489
2012-10-08,56.11,56.74,56.01,56.46,41.5176,824720
2012-10-09,56.34,56.63,55.9,56.11,41.2602,1906924
2012-10-10,55.99,56.09,55.24,55.27,40.6425,1175824
2012-10-11,55.78,56.1,55.28,55.33,40.6866,1547081
2012-10-12,55.33,55.69,54.76,54.93,40.3925,1211165
2012-10-15,55,55.89,54.74,55.7,40.9587,1207399
2012-10-16,55.85,56.82,55.77,56.63,41.6426,1646607
2012-10-17,56.73,58.21,56.32,57.66,42.4,2998637
2012-10-18,57.62,57.78,56.79,57.16,42.0323,1619984
2012-10-19,57.08,57.13,56.12,56.43,41.4955,1340934
2012-10-22,56.23,56.32,55.45,55.97,41.1573,1407829
2012-10-23,55.29,55.72,54.71,55.47,40.7896,1187800
2012-10-24,55.71,55.76,54.69,54.96,40.4146,1353951
2012-10-25,55.44,55.7,54.23,55.1,40.5175,1763715
2012-10-26,55.04,55.885,54.46,55.77,41.0102,1758721
2012-10-31,56.17,57.06,55.81,56.77,41.7455,2082178
2012-11-01,57.13,57.66,56.81,57.19,42.0544,2009515
2012-11-02,57.51,57.77,56.48,56.48,41.5323,1545523
2012-11-05,56.55,57.68,56.38,57.62,42.3706,1091590
2012-11-06,57.63,58.4,57.354,58.2,42.7971,1693864
2012-11-07,57.54,57.98,56.95,57.25,42.0985,1982657
2012-11-08,57.12,57.12,55.34,55.4,40.7381,2172891
2012-11-09,54.79,55.7,54.63,54.79,40.2896,2436601
2012-11-12,54.88,55.045,53.96,54.69,40.216,1435565
2012-11-13,54.42,55.6,54.25,54.89,40.3631,1414623
2012-11-14,55.05,55.53,54.02,54.11,39.7895,1439354
2012-11-15,54.12,54.46,53.681,54.18,39.841,1674556
2012-11-16,54.37,54.98,53.83,54.87,40.3484,1711385
2012-11-19,55.47,56.59,55.3,56.47,41.5249,1369534
2012-11-20,56.51,56.58,55.05,55.75,40.9955,2563561
2012-11-21,55.55,56.25,55.11,55.6,40.8852,1304406
2012-11-23,55.73,56.68,55.71,56.55,41.5838,893476
2012-11-26,56.33,56.4,53.31,54.24,39.8851,3914936
2012-11-27,54.1,54.84,53.28,54.16,39.8263,2632070
2012-11-28,54.04,55.45,54.04,55.2,40.7944,2807737
2012-11-29,54.38,55.27,53.93,54.37,40.181,3139286
2012-11-30,54.28,54.46,53.85,54.09,39.9741,2197082
2012-12-03,54.07,54.34,53.23,53.72,39.7007,2122331
2012-12-04,53.64,53.8,52.84,53.23,39.3385,1849063
2012-12-05,53.41,53.71,51.89,52.7,38.9468,3062400
2012-12-06,52.92,53.13,52.13,52.97,39.1464,1774323
2012-12-07,52.96,53.39,52.14,52.8,39.0208,1329474
2012-12-10,52.77,52.88,52.1,52.26,38.6217,2346595
2012-12-11,52.56,52.64,51.675,51.88,38.3408,3569475
2012-12-12,52.16,52.67,51.32,52.11,38.5108,2349430
2012-12-13,52.04,52.8,52.03,52.15,38.5404,1986962
2012-12-14,52.14,52.44,51.94,52.2,38.5773,2075069
2012-12-17,52.15,52.32,51.42,52.28,38.6365,2102334
2012-12-18,52.23,52.46,51.4,52.43,38.7473,2811976
2012-12-19,52.57,53.25,52.29,52.79,39.0134,2129130
2012-12-20,52.38,52.38,51.35,52.11,38.5108,2302605
2012-12-21,51.67,52.57,51.49,52.45,38.7621,2916507
2012-12-24,52.28,52.78,52.25,52.42,38.7399,842622
2012-12-26,52.41,52.6,50.94,51.4,37.9861,1898361
2012-12-27,51.36,51.97,50.95,51.78,38.2669,1988927
2012-12-28,51.46,52.9,51.11,52.16,38.5478,2669216
2012-12-31,52.07,53.55,52.07,53.5,39.5381,3354463
2013-01-02,53.69,54.23,52.72,53.63,39.6341,5630203
2013-01-03,55.52,55.85,54.73,55.27,40.8462,4970729
2013-01-04,55.49,55.78,54.67,54.73,40.4471,2776217
2013-01-07,54.64,54.76,53.83,54.43,40.2254,1878673
2013-01-08,54.39,54.55,53.79,53.91,39.8411,1497546
2013-01-09,54.02,54.62,53.93,54.04,39.9371,1863321
2013-01-10,54.14,55.2,53.56,54.88,40.5579,2094663
2013-01-11,54.91,55.01,53.79,53.84,39.7893,2546002
2013-01-14,53.88,54.14,53.28,53.83,39.782,1325475
2013-01-15,53.54,55.45,53.41,55.41,40.9496,2921293
2013-01-16,55.55,56.04,55.16,55.95,41.3487,2386795
2013-01-17,56.01,56.33,55.58,55.65,41.127,1216486
2013-01-18,55.61,55.75,55.12,55.52,41.0309,1254489
2013-01-22,55.44,55.47,54.83,55.38,40.9274,1695367
2013-01-23,55.2,55.53,54.95,55.33,40.8905,1367946
2013-01-24,55.5,56.3,55.2,55.67,41.1418,1080399
2013-01-25,56.15,56.28,55.45,56.05,41.4226,1221702
2013-01-28,55.94,55.94,55.13,55.53,41.0383,1211756
2013-01-29,55.53,56.11,55.07,55.68,41.1492,1618239
2013-01-30,55.68,55.91,55.35,55.59,41.0826,1430133
2013-01-31,55.54,55.82,55.19,55.23,40.8166,1318285
2013-02-01,55.66,55.78,54.91,55.12,40.7353,2187539
2013-02-04,54.97,55.16,54.38,54.5,40.2771,1382749
2013-02-05,54.92,55.43,54.71,55.11,40.7279,1929663
2013-02-06,55.13,55.49,54.91,55.27,40.8462,1797132
2013-02-07,55.82,55.97,54.3801,54.91,40.5801,2052072
2013-02-08,55,55.845,55,55.82,41.2526,1605250
2013-02-11,55.57,55.72,55.11,55.37,40.9201,1297257
2013-02-12,55.55,55.6,54.89,54.98,40.6318,1642140
2013-02-13,55,55.52,55,55.22,40.8092,1235157
2013-02-14,55.05,55.48,54.53,55.25,40.8314,1091248
2013-02-15,55.2,56.08,54.78,55.4,40.9422,1623016
2013-02-19,55.64,56.6599,55.1,56.47,41.733,2618162
2013-02-20,56.35,56.41,55.08,55.15,40.7575,1816502
2013-02-21,55.09,55.36,54.32,54.52,40.2919,3139265
2013-02-22,54.73,55.39,53.57,53.99,39.9002,4002287
2013-02-25,54.18,54.19,52.69,52.7,38.9468,3032106
2013-02-26,53.01,53.355,52.47,52.53,38.8212,2790264
2013-02-27,52.44,54,52.44,53.9,39.8337,2434005
2013-02-28,54.1,54.5848,53.99,54.22,40.0702,2394785
2013-03-01,54.03,54.24,53.68,54.07,39.9593,2316529
2013-03-04,53.98,54.33,53.651,53.82,39.7746,1863179
2013-03-05,54.06,54.515,54.05,54.37,40.181,1993306
2013-03-06,54.37,54.52,54.185,54.38,40.1884,1656621
2013-03-07,54.07,54.19,53.9,53.99,40.1215,1132696
2013-03-08,54.2,54.83,53.94,54.72,40.664,1009019
2013-03-11,54.62,54.67,54.21,54.27,40.3296,1467015
2013-03-12,54.3,54.44,53.9,53.95,40.0918,1491094
2013-03-13,54.04,54.32,53.88,54.29,40.3445,3129905
2013-03-14,54.52,54.66,54.18,54.29,40.3445,1631652
2013-03-15,54.07,54.25,53.64,53.99,40.1215,2411317
2013-03-18,53.49,53.87,53.38,53.49,39.75,1275749
2013-03-19,53.56,53.56,52.16,52.45,38.9771,2870133
2013-03-20,52.81,53.27,52.56,53.15,39.4973,2731565
2013-03-21,52.89,53.19,52.7824,52.9,39.3115,1576352
2013-03-22,53.1,53.57,52.98,53.32,39.6236,1241074
2013-03-25,53.44,53.92,53.3601,53.8,39.9803,1720387
2013-03-26,53.82,54.29,53.59,54.28,40.337,1996659
2013-03-27,54.03,54.56,53.92,54.5,40.5005,1397529
2013-03-28,54.52,55.29,54.43,55.23,41.043,1844938
2013-04-01,55.07,55.21,54.33,54.45,40.4634,1420591
2013-04-02,54.75,55,54.36,54.99,40.8647,1042385
2013-04-03,55,55.49,54.51,54.7,40.6492,1936453
2013-04-04,54.68,55.53,54.68,55.47,41.2214,1117568
2013-04-05,54.84,55.613,54.65,55.46,41.2139,1563237
2013-04-08,55.25,55.69,54.95,55.3,41.095,1341010
2013-04-09,55.33,55.48,54.41,54.84,40.7532,1651555
2013-04-10,55.03,55.81,54.94,55.81,41.474,1427486
2013-04-11,55.92,57.76,55.88,57.04,42.3881,2432795
2013-04-12,56.75,57.18,56.48,56.82,42.2246,1494484
2013-04-15,56.5,56.59,55.13,55.13,40.9687,1568667
2013-04-16,55.38,56.22,55.01,56.17,41.7416,1798605
2013-04-17,55.96,56.01,54.81,55.39,41.1619,1681985
2013-04-18,55.48,55.61,54.5,54.82,40.7383,1411538
2013-04-19,54.88,55.15,54.57,54.9,40.7978,1673302
2013-04-22,55.05,55.31,54.675,55.14,40.9761,1101559
2013-04-23,55.24,55.55,54.62,55.19,41.0133,1308142
2013-04-24,55.3,55.77,55.08,55.26,41.0653,1113007
2013-04-25,55.36,56.57,55.2,56.45,41.9496,1843190
2013-04-26,56.49,56.75,56.191,56.71,42.1428,819843
2013-04-29,56.78,56.91,56.47,56.54,42.0165,865981
2013-04-30,56.45,56.635,56.03,56.59,42.0537,1021890
2013-05-01,56.48,56.57,55.98,56.15,41.7267,1229527
2013-05-02,56.11,57.03,56.11,57.03,42.3807,1199284
2013-05-03,57.45,58.42,57.38,58.21,43.2575,1213067
2013-05-06,58.18,58.44,57.7,58.09,43.1684,1266846
2013-05-07,58,58.66,57.74,58.59,43.5399,1304526
2013-05-08,58.6,59.01,58.29,59,43.8446,1240794
2013-05-09,58.92,59.06,58.04,58.49,43.4656,2020843
2013-05-10,58.61,59.3,58.61,59.17,43.9709,1549370
2013-05-13,59.19,60.56,59.03,60.49,44.9519,2857464
2013-05-14,60.41,61.24,60.16,61.24,45.5092,2367217
2013-05-15,61.41,61.81,60.89,61.44,45.6578,2005404
2013-05-16,61.39,61.8,60.92,61.13,45.4275,3266061
2013-05-17,58.87,60.89,58.75,60.68,45.0931,4494176
2013-05-20,60.5,60.86,60.16,60.48,44.9444,2197890
2013-05-21,60.42,61.06,60.25,60.71,45.1154,1454203
2013-05-22,60.86,61.49,59.94,60.16,44.7066,1370973
2013-05-23,59.84,60.41,59.62,60.16,44.7066,1357498
2013-05-24,59.87,60.02,59.44,59.87,44.4911,1027329
2013-05-28,60.51,60.89,59.78,59.96,44.558,1064911
2013-05-29,59.39,59.53,58.96,59.26,44.2593,661720
2013-05-30,59.4,59.7899,59.07,59.14,44.1696,662071
2013-05-31,59.12,60.02,58.82,58.82,43.9307,1203713
2013-06-03,58.94,59.34,58.44,59.33,44.3116,1058063
2013-06-04,59.18,59.59,59.11,59.39,44.3564,1467844
2013-06-05,59.1,59.21,57.98,58.02,43.3332,1421178
2013-06-06,58.13,58.55,57.76,58.44,43.6468,1081334
2013-06-07,58.83,59.58,58.65,59.52,44.4535,920605
2013-06-10,59.56,59.84,59.14,59.42,44.3788,836577
2013-06-11,58.84,59.5,58.73,58.96,44.0352,538531
2013-06-12,59.2,59.34,58.15,58.24,43.4975,710796
2013-06-13,58.33,59.615,58.212,59.46,44.4086,1024152
2013-06-14,59.38,59.61,58.55,58.94,44.0203,1094010
2013-06-17,59.28,59.5,58.82,59.09,44.1323,1050438
2013-06-18,59.23,59.71,59.035,59.64,44.5431,659828
2013-06-19,59.63,59.8,58.87,58.9,43.9904,853689
2013-06-20,58.43,58.538,57.65,57.76,43.139,1201795
2013-06-21,58.3,58.63,57.5,58.2,43.4676,1577529
2013-06-24,57.49,57.98,57.07,57.45,42.9074,869229
2013-06-25,57.9,58.965,57.9,58.67,43.8186,1097908
2013-06-26,59.08,59.51,58.6472,59.4,44.3638,1081319
2013-06-27,59.65,59.92,58.98,59.56,44.4833,954921
2013-06-28,59.48,60.2,59.3,59.94,44.7671,1659759
2013-07-01,60.28,61.43,60.05,61.21,45.7157,1652543
2013-07-02,61.21,61.54,60.44,60.72,45.3497,1088687
2013-07-03,60.43,61.13,60.43,61.03,45.5812,553716
2013-07-05,61.42,62.1,60.96,62.04,46.3356,711668
2013-07-08,62.29,63.11,62.29,62.61,46.7613,1417019
2013-07-09,63.14,63.33,62.49,62.67,46.8061,1418680
2013-07-10,62.66,62.9,61.92,62.59,46.7463,1314289
2013-07-11,63.16,63.34,62.33,62.65,46.7911,957716
2013-07-12,62.61,63.15,61.78,62.26,46.4999,1732230
2013-07-15,62.31,62.7,62,62.09,46.3729,1218537
2013-07-16,62.22,62.455,61.901,62.02,46.3206,1310967
2013-07-17,62.12,62.46,61.28,61.62,46.0219,1149822
2013-07-18,61.68,61.95,61.42,61.61,46.0144,1059710
2013-07-19,61.93,61.94,61.01,61.56,45.9771,1802346
2013-07-22,61.77,62.25,61.38,62.07,46.358,697244
2013-07-23,61.73,61.9,61.17,61.51,45.9397,1487501
2013-07-24,61.68,61.72,61.08,61.46,45.9024,828627
2013-07-25,61.37,61.52,61.04,61.44,45.8874,763623
2013-07-26,61.13,61.53,60.57,61.52,45.9472,593165
2013-07-29,61.34,61.85,61.27,61.63,46.0293,804661
2013-07-30,61.73,61.97,61.14,61.27,45.7605,1075969
2013-07-31,61.5,61.845,61.14,61.24,45.7381,1091361
2013-08-01,61.85,62.3,61.78,62.17,46.4327,1231097
2013-08-02,62.02,62.13,61.72,61.99,46.2982,745690
2013-08-05,61.91,62.16,61.69,62.07,46.358,712784
2013-08-06,61.74,61.81,59.76,59.81,44.67,2836822
2013-08-07,59.61,59.61,58.64,58.9,43.9904,2031617
2013-08-08,59.17,60.1,58.8,59.6,44.5132,1607080
2013-08-09,59.52,59.67,58.77,58.79,43.9082,1836715
2013-08-12,58.68,60.91,58.5,60.79,45.402,3641403
2013-08-13,60.36,60.45,59.24,60.18,44.9464,3062786
2013-08-14,59.52,59.72,59.16,59.54,44.4684,1932365
2013-08-15,59.27,59.98,58.94,59.33,44.3116,3472791
2013-08-16,57.8,58.22,56.3,56.43,42.1456,5334693
2013-08-19,56.2,56.96,56.12,56.26,42.0187,1806511
2013-08-20,56.45,57.33,56.45,57.1,42.646,1644752
2013-08-21,56.89,57.23,56.43,56.75,42.3846,1465550
2013-08-22,56.76,57.45,56.4,57.17,42.6983,1502456
2013-08-23,57.22,57.45,56.47,57.28,42.7805,1460608
2013-08-26,57.49,57.9299,57.22,57.3,42.7954,1829646
2013-08-27,56.72,57.11,56.53,56.62,42.2875,1685223
2013-08-28,56.61,57.26,56.35,56.53,42.2203,1038799
2013-08-29,56.25,56.36,55.89,55.98,42.0326,1339768
2013-08-30,56.09,56.12,55.56,55.73,41.8449,994934
2013-09-03,56.29,56.56,55.375,55.49,41.6647,1421545
2013-09-04,55.63,56.25,55.63,56.12,42.1377,1429092
2013-09-05,56.08,56.52,56.04,56.19,42.1903,1169940
2013-09-06,56.32,56.32,55.34,55.92,41.9876,1190992
2013-09-09,56.66,56.85,56.09,56.58,42.4831,1229096
2013-09-10,56.92,57.1855,56.56,57.1,42.8736,1303109
2013-09-11,57.07,57.37,56.8,57.22,42.9637,1382238
2013-09-12,57.04,57.375,56.79,57.03,42.821,1684306
2013-09-13,57.3,57.495,56.85,57.28,43.0087,1018462
2013-09-16,57.86,58.55,57.77,57.98,43.5343,1347459
2013-09-17,58.18,58.58,58.01,58.18,43.6845,623606
2013-09-18,58.25,58.3,57.24,58.03,43.5719,2115103
2013-09-19,57.93,58.07,57.44,57.55,43.2115,1695311
2013-09-20,57.61,57.71,56.72,57,42.7985,2557181
2013-09-23,56.97,57.04,56.4,56.63,42.5207,1635800
2013-09-24,56.55,56.75,56.29,56.41,42.3555,1926540
2013-09-25,56.8,56.85,55.7,55.81,41.905,2878296
2013-09-26,55.93,56.685,55.89,56.58,42.4831,1911400
2013-09-27,56.35,56.53,56.11,56.45,42.3855,1618298
2013-09-30,55.92,56.27,55.86,56.2,42.1978,1814471
2013-10-01,55.97,56.3515,55.79,55.95,42.0101,2167269
2013-10-02,55.72,57.34,55.51,56.8,42.6483,2838233
2013-10-03,56.73,57.01,56.29,56.84,42.6783,1559387
2013-10-04,56.91,57.35,56.64,57.13,42.8961,1338793
2013-10-07,56.61,56.89,56.32,56.64,42.5282,1884672
2013-10-08,56.66,56.88,55.6,55.62,41.7623,1654164
2013-10-09,55.74,56.23,55.499,55.77,41.8749,1630648
2013-10-10,56.4,56.82,56.06,56.73,42.5958,1892733
2013-10-11,56.46,56.875,56.19,56.84,42.6783,1671816
2013-10-14,56.62,57.08,56.47,56.93,42.7459,1004622
2013-10-15,56.72,57.264,56.47,56.94,42.7534,1834211
2013-10-16,57.25,58.24,57.07,58.21,43.707,1868097
2013-10-17,58.09,58.83,58.09,58.65,44.0374,1298310
2013-10-18,58.87,58.96,58.24,58.74,44.105,981727
2013-10-21,58.87,58.9,58.35,58.84,44.18,812881
2013-10-22,58.87,59.3818,58.59,59.03,44.3227,842562
2013-10-23,58.87,59.22,58.49,58.87,44.2026,620286
2013-10-24,58.91,59.3,58.75,59.08,44.3603,1212382
2013-10-25,59.21,59.49,58.98,59.27,44.5029,833021
2013-10-28,59.14,60.475,58.91,60.15,45.1637,1512710
2013-10-29,60.31,60.85,59.85,60.46,45.3964,1158250
2013-10-30,60.57,61.2399,60.07,60.38,45.3364,1072309
2013-10-31,60.27,60.7,59.91,60.47,45.4039,993122
2013-11-01,60.52,60.7,59.76,59.97,45.0285,1012125
2013-11-04,60.08,60.57,60.01,60.46,45.3964,1196844
2013-11-05,60.44,60.67,59.83,60.34,45.3063,705915
2013-11-06,60.48,60.92,60.16,60.51,45.434,1120024
2013-11-07,60.76,61.4,60.17,60.32,45.2913,1225974
2013-11-08,60.22,61.43,60.135,61.02,45.8169,1331135
2013-11-11,60.82,62.06,60.64,61.84,46.4326,1661677
2013-11-12,61.96,62.605,61.51,61.82,46.4176,2601607
2013-11-13,62.78,63.6,62.77,63.38,47.5889,3679457
2013-11-14,63.19,63.72,62.44,63.43,47.6265,3064919
2013-11-15,62.41,63.35,62.13,62.8,47.1534,3027667
2013-11-18,63.02,63.04,62.24,62.48,46.9131,1954697
2013-11-19,62.28,62.91,61.82,61.87,46.4551,2122964
2013-11-20,62.13,62.5345,61.64,61.76,46.3725,1249027
2013-11-21,61.63,62.27,61.63,62.14,46.6579,927666
2013-11-22,61.93,62.2499,61.81,62.1,46.6278,1180882
2013-11-25,62.27,62.79,62.04,62.55,46.9657,1104655
2013-11-26,62.79,63.4,62.57,62.9,47.2285,1335683
2013-11-27,62.75,63.17,62.43,62.71,47.3115,1182061
2013-11-29,62.93,62.95,62.09,62.21,46.9343,586183
2013-12-02,62.09,62.56,61.75,61.79,46.6174,1147817
2013-12-03,61.66,62.33,61.12,61.87,46.6778,1018005
2013-12-04,61.34,61.69,60.93,61.35,46.2854,1203008
2013-12-05,61.31,61.33,60.78,61.05,46.0591,855758
2013-12-06,61.39,61.5,60.18,60.36,45.5385,1730070
2013-12-09,60.54,60.98,60.42,60.7,45.795,1230644
2013-12-10,60.64,61.31,60.53,61.27,46.2251,1374407
2013-12-11,61.22,61.5776,60.65,60.79,45.8629,1547833
2013-12-12,60.79,61.14,60.19,60.37,45.5461,1145995
2013-12-13,60.32,60.845,60.07,60.09,45.3348,1046354
2013-12-16,60.26,60.77,60.228,60.55,45.6819,826385
2013-12-17,60.94,60.95,59.79,59.83,45.1387,1427879
2013-12-18,59.83,60.36,59.31,60.34,45.5234,1614617
2013-12-19,60.32,60.59,60,60.24,45.448,840950
2013-12-20,60.41,61.61,60.36,61.19,46.1647,2002555
2013-12-23,61.34,61.87,61.24,61.54,46.4288,1124817
2013-12-24,61.48,61.805,61.07,61.6,46.4741,576643
2013-12-26,61.72,62,61.58,61.61,46.4816,609641
2013-12-27,61.05,61.75,61.05,61.42,46.3383,527432
2013-12-30,61.43,62.09,61.43,61.85,46.6627,650678
2013-12-31,61.89,62.14,61.67,61.8,46.6249,692319
2014-01-02,61.67,62.2,61.34,61.95,46.7381,1177814
2014-01-03,61.95,62.56,61.73,62.17,46.9041,807026
2014-01-06,62.25,62.31,61.25,61.41,46.3307,1693230
2014-01-07,61.48,61.92,60.29,60.76,45.8403,1911184
2014-01-08,60.75,60.75,59.68,60.49,45.6366,1922881
2014-01-09,60.71,61.61,60.39,61.49,46.3911,2069783
2014-01-10,61.26,61.555,60.59,61.11,46.1044,1181836
2014-01-13,60.85,61.14,59.33,59.49,44.8822,1488014
2014-01-14,59.48,60.2658,59.48,59.75,45.0783,1575422
2014-01-15,59.68,60.9,59.68,60.87,45.9233,1488359
2014-01-16,60.64,60.72,59.88,60.11,45.3499,1285284
2014-01-17,59.92,60.55,59.65,59.93,45.2141,1932845
2014-01-21,60.21,60.34,59.26,59.66,45.0104,1301767
2014-01-22,60,60.03,59.22,59.4,44.8143,1098544
2014-01-23,59,59.1,58.4,59.06,44.5578,1086774
2014-01-24,58.66,58.9,58.16,58.16,43.8787,1209612
2014-01-27,58.19,58.65,57.73,57.82,43.6222,1413418
2014-01-28,57.87,58.75,57.85,58.23,43.9316,1739818
2014-01-29,57.93,58.34,56.62,56.7,42.7773,2124079
2014-01-30,57.12,57.88,57,57.33,43.2526,1237239
2014-01-31,56.79,57.72,56.571,57.45,43.3431,1646198
2014-02-03,57.33,57.344,55.48,55.71,42.0303,1885127
2014-02-04,55.97,56.32,55.31,55.38,41.7814,2180941
2014-02-05,55.3,57.36,54.9,57.1,43.079,3223802
2014-02-06,57.36,59.03,57.31,58.7,44.2862,1918792
2014-02-07,58.83,59.36,58.37,58.79,44.3541,1353739
2014-02-10,58.57,58.65,57.95,58.55,44.173,1953392
2014-02-11,58.66,59.16,58.11,58.92,44.4521,1625708
2014-02-12,59.03,59.33,58.085,58.26,43.9542,1610205
2014-02-13,57.86,58.68,57.3,58.56,44.1805,1280168
2014-02-14,58.36,58.96,58.2,58.47,44.1126,873426
2014-02-18,58.85,59.41,58.64,58.92,44.4521,1751261
2014-02-19,58.47,59.41,57.75,58.88,44.422,1532164
2014-02-20,58.88,59.68,58.87,59.44,44.8444,2684924
2014-02-21,58.44,59.97,58.26,59.24,44.6936,4675717
2014-02-24,59.49,59.84,58.6,58.61,44.2183,2854035
2014-02-25,58.67,59.49,58.61,59.23,44.686,2406724
2014-02-26,59.47,61.25,59.33,60.92,45.961,2240737
2014-02-27,60.83,61.45,60.69,61.37,46.3005,1786808
2014-02-28,61.3,61.67,61.045,61.48,46.3835,1878568
2014-03-03,60.78,61.435,60.6,61.21,46.1798,1494844
2014-03-04,61.73,62.16,61.51,61.65,46.5118,1445708
2014-03-05,61.61,61.95,61.15,61.58,46.459,1511093
2014-03-06,61.27,61.87,60.97,61.58,46.7093,1166766
2014-03-07,61.92,62.56,61.78,62.41,47.3388,1361494
2014-03-10,62.4,62.82,62.24,62.63,47.5057,1670288
2014-03-11,62.68,63.09,62.17,62.28,47.2402,1570134
2014-03-12,62.29,62.36,61.78,62.2,47.1796,1093021
2014-03-13,62.3,62.79,61.465,61.51,46.6562,1447713
2014-03-14,61.44,62.22,61.25,61.33,46.5196,1526197
2014-03-17,61.65,62.4386,61.64,62.09,47.0961,1289812
2014-03-18,61.98,62.55,61.98,62.41,47.3388,1095103
2014-03-19,62.31,62.73,61.8,62.18,47.1644,1096038
2014-03-20,61.99,62.49,61.86,62.36,47.3009,897541
2014-03-21,62.85,63.15,62.45,62.5,47.4071,2000243
2014-03-24,62.52,62.82,61.7,61.8,46.8761,1321740
2014-03-25,62.32,62.85,62.12,62.48,47.3919,1733695
2014-03-26,62.57,62.97,61.85,61.96,46.9975,1749717
2014-03-27,61.96,62.45,61.59,61.78,46.861,1513916
2014-03-28,62.01,62.39,61.5,61.83,46.8989,1203888
2014-03-31,62.21,62.55,61.76,62.45,47.3692,1205041
2014-04-01,62.46,63.43,62.37,62.89,47.7029,1444693
2014-04-02,62.86,63.935,62.86,63.63,48.2642,1380440
2014-04-03,63.63,64.19,63.09,63.37,48.067,1768111
2014-04-04,63.72,64.18,63.375,63.47,48.1429,1834767
2014-04-07,63.34,63.42,61.57,61.76,46.8458,1316675
2014-04-08,61.68,62.83,61.324,62.56,47.4526,1559855
2014-04-09,62.73,62.895,62.041,62.83,47.6574,1066799
2014-04-10,62.87,62.88,61.51,61.52,46.6638,1173791
2014-04-11,60.93,61.53,60.25,60.46,45.8597,2256858
2014-04-14,61.07,61.21,59.97,60.52,45.9052,1161811
2014-04-15,60.74,61.29,60.26,60.98,46.2542,1084720
2014-04-16,61.46,61.75,61.11,61.46,46.6183,788073
2014-04-17,61.32,61.4,59.97,60.84,46.148,2254945
2014-04-21,60.65,60.9,60.39,60.57,45.9432,1146272
2014-04-22,60.54,61.2,60.24,60.82,46.1328,1013940
2014-04-23,60.84,61.91,60.76,61.89,46.9444,1521279
2014-04-24,62,62.43,61.82,62.03,47.0506,1125933
2014-04-25,61.85,62.01,61.36,61.48,46.6334,987941
2014-04-28,61.94,62.48,61.56,62.41,47.3388,1484384
2014-04-29,62.38,62.52,61.81,62.17,47.1568,646456
2014-04-30,61.21,61.69,60.71,61.28,46.4817,1776414
2014-05-01,61.47,61.8,61.04,61.5,46.6486,820010
2014-05-02,62.09,62.8,61.61,62.02,47.043,1079124
2014-05-05,61.59,61.796,61.08,61.53,46.6713,681738
2014-05-06,61.26,61.66,60.41,60.62,45.9811,1177231
2014-05-07,60.69,60.89,60.2,60.67,46.019,1118941
2014-05-08,60.55,62.36,60.55,61.28,46.4817,987006
2014-05-09,61.19,61.75,60.88,61.47,46.6258,1084688
2014-05-12,61.86,63,61.86,62.76,47.6043,1467290
2014-05-13,62.84,63.3,62.335,62.62,47.4981,1723225
2014-05-14,62.68,62.85,61.77,61.88,46.9368,1288841
2014-05-15,61.6,61.8,60.51,61.49,46.641,2818684
2014-05-16,67.01,70.71,66.75,70.55,53.5131,8397080
2014-05-19,69.92,70,68.06,68.42,51.8975,4603134
2014-05-20,68.24,68.26,67.07,67.46,51.1693,2899766
2014-05-21,67.76,68.25,66.86,67.51,51.2073,1500229
2014-05-22,67.57,68.49,67.37,67.53,51.2224,1649540
2014-05-23,67.58,69.41,67.36,67.85,51.4652,2070058
2014-05-27,67.95,68.2,67.51,67.92,51.5182,1462856
2014-05-28,67.63,67.79,66.73,67.45,51.4115,1682405
2014-05-29,67.7,67.845,66.94,67.78,51.6631,1106796
2014-05-30,67.64,68.32,67.64,68.06,51.8765,1467937
2014-06-02,68.2,68.83,68.14,68.21,51.9908,1270045
2014-06-03,67.98,68.37,67.76,68.03,51.8536,1111201
2014-06-04,67.94,68.57,67.71,68.29,52.0518,1386492
2014-06-05,68.21,68.5,67.45,68.32,52.0747,1255987
2014-06-06,68.45,69.23,68.45,68.79,52.4329,811238
2014-06-09,68.95,69.54,68.58,68.65,52.3262,890814
2014-06-10,68.38,68.86,68.37,68.57,52.2652,909596
2014-06-11,68.08,68.5,67.69,67.91,51.7622,908311
2014-06-12,67.99,68.13,67.015,67.27,51.2743,821662
2014-06-13,67.46,68.11,67.2596,67.89,51.7469,942425
2014-06-16,67.7,68.21,67.46,67.86,51.724,1288252
2014-06-17,67.91,68.22,67.46,67.8,51.6783,947781
2014-06-18,67.84,68.405,67.58,68.3,52.0594,1083309
2014-06-19,68.3,68.56,68.07,68.36,52.1052,972601
2014-06-20,68.54,68.54,67.85,68.09,51.8994,1714289
2014-06-23,67.78,68,67.62,67.73,51.625,1139557
2014-06-24,67.67,68.34,67.52,67.85,51.7164,1280185
2014-06-25,67.64,68.04,67.33,67.51,51.4573,763419
2014-06-26,67.37,67.68,66.72,67.63,51.5487,1157530
2014-06-27,67.63,68.25,67.63,67.99,51.8231,876263
2014-06-30,67.85,68.149,67.66,67.93,51.7774,855227
2014-07-01,68.19,68.83,67.891,68.69,52.3567,837960
2014-07-02,68.39,69,68.3,68.59,52.2805,1081878
2014-07-03,68.69,69.46,68.69,69.29,52.814,641888
2014-07-07,68.92,69.6,68.84,69.41,52.9055,811636
2014-07-08,69.37,69.88,68.923,69.8,53.2027,1294987
2014-07-09,69.83,70.56,69.59,70.14,53.4619,1374518
2014-07-10,69.26,69.67,69.096,69.18,52.7302,805542
2014-07-11,69,69.37,68.37,68.75,52.4024,1025005
2014-07-14,69.12,69.28,68.71,68.76,52.41,1365135
2014-07-15,68.5,68.7399,68,68.05,51.8689,1184945
2014-07-16,68.25,68.33,67.63,68.16,51.9527,940559
2014-07-17,67.79,68.01,67.3,67.4,51.3734,783636
2014-07-18,67.65,68.02,67.35,67.98,51.8155,999200
2014-07-21,67.78,68.13,67.402,67.63,51.5487,779687
2014-07-22,67.74,68,67.67,67.74,51.6326,769981
2014-07-23,67.87,68.13,67.68,67.76,51.6478,949396
2014-07-24,67.99,69.22,67.99,68.76,52.41,787855
2014-07-25,68.49,68.87,68.03,68.08,51.8917,714715
2014-07-28,68.19,69.185,68,68.99,52.5854,1086777
2014-07-29,68.99,69.387,68.86,68.9,52.5168,866872
2014-07-30,69.11,70.25,68.93,70.19,53.5,949868
2014-07-31,69.68,70.19,69.19,69.23,52.7683,1047038
2014-08-01,68.44,69.4,68.44,68.95,52.5549,1101241
2014-08-04,68.95,69.775,68.73,69.55,53.0122,837043
2014-08-05,69.13,69.3525,68.39,68.64,52.3186,1085640
2014-08-06,68.36,69.68,68.36,69.34,52.8521,1026466
2014-08-07,69.54,69.79,68.43,68.6,52.2881,1054128
2014-08-08,69.02,69.99,68.6,69.94,53.3095,1361314
2014-08-11,70,70.1252,68.82,69.16,52.7149,1673725
2014-08-12,69.37,69.57,68.57,68.71,52.3719,1480822
2014-08-13,68.04,68.18,66.895,68.12,51.9222,2692294
2014-08-14,68.3,68.713,67.76,68.69,52.3567,2820326
2014-08-15,65.55,66.49,64.92,65.11,49.628,6070642
2014-08-18,65.58,66.15,65.47,66.12,50.3978,1830525
2014-08-19,66.19,67.61,66.19,67.47,51.4268,1542341
2014-08-20,67.47,68.6,67.18,68.39,52.128,1399733
2014-08-21,68.4,69.16,68.26,68.93,52.5396,1298896
2014-08-22,69.17,69.66,68.86,69.45,52.936,1380471
2014-08-25,69.76,69.89,69.4477,69.76,53.1723,904334
2014-08-26,69.75,70.56,69.5,70.21,53.5153,1293360
2014-08-27,70.32,70.49,69.81,70.01,53.3628,987127
2014-08-28,69.2,70.05,68.85,69.64,53.3322,858269
2014-08-29,69.71,69.87,69.19,69.25,53.0335,920048
2014-09-02,69.3,69.85,68.67,69.15,52.9569,1390747
2014-09-03,69.18,69.995,68.89,69.64,53.3322,1180988
2014-09-04,71,71.45,70.41,70.43,53.9372,1833458
2014-09-05,70.1,70.64,69.42,70.63,54.0904,1561170
2014-09-08,70.41,70.66,69.63,69.98,53.5926,1309066
2014-09-09,69.75,69.82,69.27,69.35,53.1101,1328242
2014-09-10,69.26,69.41,68.53,68.77,52.6659,1273907
2014-09-11,68.59,69.04,68.53,68.97,52.8191,961349
2014-09-12,69.04,69.32,68.7,69.08,52.9033,1036941
2014-09-15,68.92,69.215,68.62,68.91,52.7731,705266
2014-09-16,68.68,69.99,68.68,69.49,53.2173,988207
2014-09-17,69.64,69.7159,69.13,69.37,53.1254,1137274
2014-09-18,69.44,69.65,69.16,69.27,53.0488,697877
2014-09-19,69.63,69.66,69.02,69.38,53.1331,1315989
2014-09-22,69.3,69.45,68.28,68.33,52.3289,1124908
2014-09-23,68.06,68.46,67.62,67.66,51.8158,1317162
2014-09-24,67.77,69.2,67.75,69.17,52.9722,1008605
2014-09-25,69.02,69.44,68.32,68.41,52.3902,893932
2014-09-26,68.58,69.22,68.45,68.94,52.7961,967936
2014-09-29,68.46,68.95,68.26,68.66,52.5817,1007858
2014-09-30,68.58,68.73,67.88,68.37,52.3596,1273900
2014-10-01,68.36,68.36,66.08,67.58,51.7546,1985193
2014-10-02,67.5,69.02,67.45,68.83,52.7119,1406320
2014-10-03,69.23,70.47,69.085,70.29,53.83,1813578
2014-10-06,70.43,70.7,69.92,69.94,53.5619,2171143
2014-10-07,69.58,69.83,68.945,69.3,53.0718,1304497
2014-10-08,69.35,70.72,68.97,70.65,54.1057,1562735
2014-10-09,70.29,71.08,69.75,69.82,53.47,2071122
2014-10-10,69.9,71.06,69.67,70.04,53.6385,1461882
2014-10-13,69.73,70.5,68.98,69.04,52.8727,1316902
2014-10-14,69.31,70.158,69.03,69.81,53.4624,2230308
2014-10-15,68.93,69.07,66.81,68.51,52.4668,2828809
2014-10-16,67.42,68.705,66.92,68.33,52.3289,2170352
2014-10-17,68.71,69.515,67.65,68.98,52.8267,1770845
2014-10-20,68.71,70.21,68.55,70.06,53.6538,1152035
2014-10-21,70.7,71.75,70.32,71.63,54.8562,1451113
2014-10-22,71.59,72.387,70.96,71.04,54.4043,1162035
2014-10-23,71.54,72.2495,71.35,71.77,54.9634,1240101
2014-10-24,71.47,71.608,70.69,71.2,54.5269,1266516
2014-10-27,71.25,71.79,70.78,71.68,54.8945,894448
2014-10-28,70.91,71.4,70.22,71.26,54.5728,1174308
2014-10-29,71.26,71.95,70.92,71.38,54.6647,935498
2014-10-30,71.31,72.93,71.2,72.41,55.4535,1154283
2014-10-31,73.3,73.74,72.29,72.61,55.6067,1253629
2014-11-03,72.6,72.72,72,72.54,55.5531,960578
2014-11-04,72.08,72.39,71.44,72.03,55.1625,1562373
2014-11-05,72.51,72.74,71.96,72.26,55.3386,943614
2014-11-06,72.45,73.94,72.26,73.68,56.4261,1505599
2014-11-07,73.44,73.93,73.07,73.43,56.2347,1354808
2014-11-10,73.55,73.64,71.82,72.39,55.4382,1669725
2014-11-11,72.31,72.31,70.345,70.48,53.9755,3712924
2014-11-12,70.54,73.17,70.21,72.85,55.7905,2692487
2014-11-13,72.72,73.6175,72.365,73.25,56.0968,3020546
2014-11-14,74.2,75.68,73.68,74.17,56.8014,4140570
2014-11-17,73.87,74.33,73.09,73.27,56.1121,1617020
2014-11-18,73.02,73.68,72.69,73.52,56.3036,1319447
2014-11-19,73.48,73.91,73.01,73.81,56.5257,1023298
2014-11-20,73.61,75.3,73.48,74.97,57.414,1174264
2014-11-21,75.73,75.87,74.93,75.09,57.5059,1181351
2014-11-24,75.2,76.44,75.092,76.26,58.402,1159622
2014-11-25,76.75,77.15,75.79,75.89,58.1186,1202171
2014-11-26,75.73,76,75.25,75.41,58.0032,990926
2014-11-28,75.79,77.2,75.79,76.36,58.7339,565948
2014-12-01,76.07,76.1674,75.17,75.65,58.1878,1053515
2014-12-02,75.83,76.21,75.01,75.77,58.2801,947316
2014-12-03,75.77,76.51,75.4,76.33,58.7109,814238
2014-12-04,75.86,76.05,75.301,75.7,58.2263,924264
2014-12-05,75.82,75.95,75.3,75.55,58.1109,676539
2014-12-08,75.17,75.54,74.3,74.57,57.3571,1219012
2014-12-09,74,74.73,73.77,74.64,57.411,1269730
2014-12-10,74.74,74.9,73.29,73.39,56.4495,1496811
2014-12-11,74.06,75.2104,73.96,74.19,57.0648,1220716
2014-12-12,73.91,75.4,73.6903,74.65,57.4187,1032369
2014-12-15,75.06,76.08,74.43,75.43,58.0186,1630283
2014-12-16,75.27,75.73,74.66,74.84,57.5648,1539349
2014-12-17,75,75.93,74.63,75.77,58.2801,1155368
2014-12-18,77.03,77.58,76.22,77.52,59.6262,1080358
2014-12-19,77.86,77.93,76.21,77.1,59.3031,1897136
2014-12-22,77.16,77.7399,76.66,77.52,59.6262,816691
2014-12-23,77.75,79,77.635,78.72,60.5492,855525
2014-12-24,78.92,79.22,78.12,78.14,60.1031,350815
2014-12-26,78.29,78.99,78.069,78.17,60.1261,413786
2014-12-29,78.25,79.5699,78.13,79.18,60.903,824539
2014-12-30,78.92,79.3,78.62,78.76,60.5799,771385
2014-12-31,79.04,80.54,79.04,79.39,61.0645,1379854
2015-01-02,79.66,80.05,77.6,78.37,60.28,871717
2015-01-05,77.7,77.81,76.95,77.28,59.4416,1178709
2015-01-06,77.46,78.03,76.32,76.79,59.0647,1435586
2015-01-07,78.09,79.64,77.72,79.42,61.0876,1720436
2015-01-08,79.95,80.0501,79.41,79.78,61.3645,1231291
2015-01-09,79.78,79.78,78.3,78.5,60.38,972697
2015-01-12,78.38,78.9,78.03,78.38,60.2877,953294
2015-01-13,79.19,79.57,77.43,77.95,59.9569,1109675
2015-01-14,76.59,77.32,75.94,77.04,59.257,1284444
2015-01-15,77.71,78.198,75.72,75.78,58.2878,964180
2015-01-16,75.96,76.97,74.87,76.89,59.1416,1553924
2015-01-20,77,77.2,75.22,75.71,58.234,1270804
2015-01-21,75.54,76.4,75.49,75.97,58.434,1008143
2015-01-22,76.19,77.51,75.98,77.4,59.5339,1132754
2015-01-23,77.5,77.78,77,77.08,59.2877,988693
2015-01-26,76.88,78.04,76.71,77.99,59.9877,1229506
2015-01-27,77.35,79.26,77.051,78.72,60.5492,1549935
2015-01-28,79.2,79.89,77.77,77.86,59.8877,1353614
2015-01-29,78.09,78.79,77.3299,78.27,60.2031,1078075
2015-01-30,77.37,77.79,76.13,76.2,58.6109,1288770
2015-02-02,76.06,76.73,74.51,76.57,58.8955,1295613
2015-02-03,77.05,78.92,76.81,78.89,60.6799,1361926
2015-02-04,78.5,79.22,78.13,78.9,60.6876,1208675
2015-02-05,79.05,79.68,78.5,78.76,60.5799,944558
2015-02-06,79.06,79.24,78.15,78.5,60.38,804782
2015-02-09,77.9,78.71,77.9,78.52,60.3953,1030911
2015-02-10,78.99,79.38,78.73,79.26,60.9645,997121
2015-02-11,79.5,79.76,78.72,79.03,60.7876,1073132
2015-02-12,79.24,79.46,78.58,79.37,61.0491,908212
2015-02-13,79.53,79.65,79.13,79.41,61.0799,708226
2015-02-17,78.25,79.43,78.18,78.9,60.6876,1502323
2015-02-18,78.78,79.31,77.57,78.05,60.0338,2080539
2015-02-19,78.28,78.63,76.82,77.14,59.3339,3920320
2015-02-20,77.67,81.78,77.63,81.74,62.8721,6839876
2015-02-23,81.71,81.71,80.65,81.11,62.3875,2049861
2015-02-24,80.94,81.49,80.275,80.56,61.9645,1243524
2015-02-25,80.48,81.59,80.01,81.19,62.7372,1505504
2015-02-26,81.13,81.43,80.68,80.85,62.4745,982271
2015-02-27,81.06,81.72,80.35,80.43,62.1499,1322910
2015-03-02,80.5,80.89,79.89,80.68,62.3431,1201341
2015-03-03,80.76,80.886,79.72,79.97,61.7945,792197
2015-03-04,79.51,80.13,78.99,79.95,61.779,1163769
2015-03-05,80,81.49,79.75,80.65,62.3199,1523601
2015-03-06,80.07,81.52,80.03,80.86,62.4822,1396322
2015-03-09,80.81,80.8101,80,80.34,62.0804,960245
2015-03-10,80.03,80.26,79.205,79.44,61.3849,1167348
2015-03-11,79.44,79.9,79.2,79.27,61.2536,666250
2015-03-12,79.5,80.42,79.45,80.28,62.034,774794
2015-03-13,80.25,80.55,79.69,80.36,62.0958,597868
2015-03-16,80.5,80.85,79.47,80.23,61.9954,1610309
2015-03-17,80,80.5,79.78,80.21,61.9799,727444
2015-03-18,80.25,80.78,79.18,80.49,62.1963,959013
2015-03-19,80.55,81.29,80.26,81.2,62.7449,765468
2015-03-20,81.28,82.42,81.16,82.32,63.6104,1163685
2015-03-23,82,83.16,81.57,81.99,63.3554,1008951
2015-03-24,81.78,82.34,81.59,81.63,63.0772,724353
2015-03-25,81.51,81.6,79.85,79.87,61.7172,980882
2015-03-26,79.55,79.72,78.685,79.14,61.1531,1102569
2015-03-27,78.94,80.11,78.73,79.73,61.609,676616
2015-03-30,79.94,80.54,79.66,80.02,61.8331,1052417
2015-03-31,79.7,81.35,79.53,80.32,62.0649,1169005
2015-04-01,80.23,80.2578,79.06,79.55,61.4699,1010206
2015-04-02,79.55,80.14,79.09,79.96,61.7867,1104991
2015-04-06,79.65,80.8,79.25,80.29,62.0417,987436
2015-04-07,80.27,80.76,79.82,79.86,61.7095,548083
2015-04-08,79.99,80.78,79.75,80.5,62.204,1237950
2015-04-09,80.63,80.92,79.68,80.01,61.8254,1037229
2015-04-10,80.18,80.8,79.94,80.24,62.0031,614137
2015-04-13,80,80.81,79.71,80.05,61.8563,770494
2015-04-14,79.82,80.04,78.735,79.19,61.1917,876562
2015-04-15,79.47,79.94,78.07,78.16,60.3958,1064921
2015-04-16,78.09,78.69,77.81,78.5,60.6586,1040962
2015-04-17,77.95,78.11,76.33,76.43,59.059,2087140
2015-04-20,76.88,76.9,76.25,76.7,59.2677,1054107
2015-04-21,76.86,77.82,76.86,77.61,59.9708,1018265
2015-04-22,77.47,78.03,77.04,78.01,60.2799,793209
2015-04-23,78,78.81,77.96,78.49,60.6508,669982
2015-04-24,78.67,78.67,78.09,78.16,60.3958,589682
2015-04-27,78.5,78.94,77.075,77.12,59.5922,923370
2015-04-28,76.74,77.67,76.08,77.34,59.7622,1145299
2015-04-29,77.15,77.369,76.21,76.62,59.2058,1140422
2015-04-30,76.29,76.53,75.27,75.56,58.3868,1855118
2015-05-01,75.43,76.23,75.43,76.1,58.804,1717736
2015-05-04,76.26,76.33,75.75,76.04,58.7577,1263007
2015-05-05,75.98,76.38,75.3401,75.43,58.2863,1005454
2015-05-06,75.57,75.88,74.62,75.44,58.294,1157319
2015-05-07,75.6,77.07,75.46,76.78,59.3295,1381006
2015-05-08,77.43,78.04,77.03,77.27,59.7081,1158380
2015-05-11,77.19,77.48,76.9402,76.97,59.4763,912845
2015-05-12,76.52,77.39,76.365,76.94,59.4531,1060255
2015-05-13,76.74,77.044,75.74,76.17,58.8581,1158384
2015-05-14,75.85,75.9164,73.73,74.15,57.2972,3540457
2015-05-15,74.59,75.33,73.54,74.8,57.7995,3855829
2015-05-18,74.9,75.21,74.33,75.16,58.0777,1586868
2015-05-19,75.22,75.38,74.35,74.47,57.5445,1309692
2015-05-20,74.54,74.91,74.15,74.71,57.7299,1114847
2015-05-21,74.47,75.5,74.18,75.33,58.209,1109638
2015-05-22,75.33,76.01,75.012,75.23,58.1318,1075049
2015-05-26,75.53,76.785,74.29,74.39,57.4827,2050117
2015-05-27,74.05,74.34,73.39,73.98,57.4516,1219019
2015-05-28,74.11,74.33,73.42,73.63,57.1798,1216966
2015-05-29,73.51,73.72,72.51,72.64,56.411,1510858
2015-06-01,72.65,73.86,72.64,73.25,56.8847,1396442
2015-06-02,73.04,74.69,73.04,73.56,57.1255,1730265
2015-06-03,73.59,74.51,73.51,74.28,57.6846,940508
2015-06-04,72.74,74.12,72.01,73.32,56.9391,1332546
2015-06-05,73.25,73.85,73,73.58,57.141,1044629
2015-06-08,73.5,73.97,73.25,73.39,56.9934,860649
2015-06-09,73.41,73.72,72.92,73.16,56.8148,904467
2015-06-10,73.61,73.73,73.21,73.61,57.1643,647538
2015-06-11,73.75,74.43,73.57,73.62,57.172,775381
2015-06-12,73.35,74.1,73.12,73.98,57.4516,929626
2015-06-15,73.43,73.79,72.85,73.15,56.8071,829299
2015-06-16,73.08,73.55,73.08,73.36,56.9701,693777
2015-06-17,73.85,75.48,73.8,75.12,58.3369,1705615
2015-06-18,75.2,75.7,75.04,75.55,58.6709,1165092
2015-06-19,75.28,75.92,75,75.22,58.4146,1254876
2015-06-22,75.58,75.98,75.2925,75.44,58.5854,708044
2015-06-23,75.69,76.52,75.4501,76.02,59.0358,953465
2015-06-24,75.96,76.43,75.82,75.87,58.9194,1062973
2015-06-25,76.15,76.47,75.31,75.43,58.5777,852543
2015-06-26,75.33,76.36,75.33,76.2,59.1756,839267
2015-06-29,75.42,75.77,74.25,74.3,57.7001,1601513
2015-06-30,75,75.07,74.02,74.5,57.8554,1173965
2015-07-01,75.02,75.33,74.53,75.3,58.4767,659792
2015-07-02,75.32,75.865,74.91,75.12,58.3369,658007
2015-07-06,74.52,75.667,74.47,75.28,58.4612,886246
2015-07-07,75.54,78.02,75.06,77.96,60.5424,2187210
2015-07-08,78.17,78.17,76.2,76.35,59.2921,1678388
2015-07-09,77.24,77.24,76.2,76.47,59.3853,1443429
2015-07-10,77.47,77.49,76.78,77.38,60.092,837294
2015-07-13,77.88,78.43,77.71,78.03,60.5968,876863
2015-07-14,78.1,78.33,77.7,78.01,60.5812,823700
2015-07-15,77.96,79.18,77.72,78.65,61.0783,1255044
2015-07-16,78.68,80.23,78.34,79.52,61.7539,1563588
2015-07-17,79.25,79.26,78.55,78.66,61.086,742361
2015-07-20,78.93,79.43,78.662,78.9,61.2724,726767
2015-07-21,78.83,79.43,78.25,78.28,60.7909,1200637
2015-07-22,78.38,79.6,78.27,78.99,61.3423,1000162
2015-07-23,79,79.232,77.97,78.02,60.589,785006
2015-07-24,78.21,78.38,77.17,77.2,59.9522,986049
2015-07-27,76.96,77.42,76.53,77.33,60.0532,1136605
2015-07-28,77.48,77.48,76.23,76.29,59.2455,1518112
2015-07-29,76.43,76.71,76.1205,76.3,59.2533,1366312
2015-07-30,76.22,76.7299,76.09,76.34,59.2844,1018070
2015-07-31,76.73,76.81,76.24,76.31,59.2611,1386612
2015-08-03,76.22,76.4,75.55,75.92,58.9582,576444
2015-08-04,76.08,76.45,75.74,76.26,59.2222,976573
2015-08-05,76.58,77.58,75.45,75.51,58.6398,2308071
2015-08-06,75.46,75.512,73.9,74.48,57.8399,1459585
2015-08-07,74.51,75.01,74.23,74.91,58.1738,1111766
2015-08-10,75.41,76.42,75.23,75.99,59.0125,1140281
2015-08-11,75.62,77.12,75.26,76.24,59.2067,1699056
2015-08-12,75.46,75.83,73.86,75.51,58.6398,1762766
2015-08-13,74.68,75.6,74.56,74.92,58.1816,4088458
2015-08-14,78.6,79.98,77.3801,78.13,60.6744,6489159
2015-08-17,78.28,79.09,77.81,79.04,61.3811,2019353
2015-08-18,79.09,79.36,78.17,78.71,61.1249,1161669
2015-08-19,78.45,79.39,78.15,78.7,61.1171,1090217
2015-08-20,77.95,78.5,77.5,77.72,60.356,1054983
2015-08-21,77.17,77.67,75.18,75.19,58.3913,1380743
2015-08-24,73.12,74.2299,70.7,72.11,55.9994,2404194
2015-08-25,73.92,73.92,71.31,71.33,55.3937,1574703
2015-08-26,72.82,73.82,71.45,73.8,57.3118,1596208
2015-08-27,73.86,74.34,72.18,73.32,57.226,2001127
2015-08-28,73.37,73.62,72.96,73.36,57.2572,1163537
2015-08-31,73.08,73.77,72.585,72.88,56.8826,1305873
2015-09-01,71.65,72.65,71.29,71.66,55.9304,1427734
2015-09-02,72.29,72.93,71.85,72.9,56.8982,973890
2015-09-03,73.29,74.46,73.1,73.46,57.3352,940417
2015-09-04,72.92,73.42,72.44,72.9,56.8982,909562
2015-09-08,73.98,74.49,73.6,74.42,58.0845,1009797
2015-09-09,74.96,75.35,73.09,73.19,57.1245,1359581
2015-09-10,73.02,74.25,72.942,73.76,57.5694,1247116
2015-09-11,73.42,73.64,72.57,73.6,57.4445,1329734
2015-09-14,73.38,73.72,72.95,73.18,57.1167,870401
2015-09-15,74.05,74.99,73.78,73.83,57.624,1849684
2015-09-16,73.57,74.4,73.29,74.3,57.9909,1190332
2015-09-17,74.49,75.425,74.05,74.32,58.0065,1041532
2015-09-18,73.54,75.01,73.43,73.84,57.6318,1856528
2015-09-21,74.3,75.03,73.79,74.38,58.0533,888154
2015-09-22,73.79,74.25,73.41,73.7,57.5226,706671
2015-09-23,73.74,74.12,73.08,73.64,57.4757,812547
2015-09-24,73.19,73.49,72.71,73.09,57.0465,980095
2015-09-25,73.54,73.93,72.79,72.99,56.9684,857410
2015-09-28,72.86,72.9999,70.82,70.89,55.3294,1247074
2015-09-29,70.79,71,69.91,70.44,54.9781,1638955
2015-09-30,70.99,71.78,70.87,71.71,55.9694,1301489
2015-10-01,71.61,71.9,70.61,71.43,55.7508,1513724
2015-10-02,72.25,75.205,70.59,75.12,58.6309,4704868
2015-10-05,75.49,75.6725,73.28,74.34,58.0221,4192061
2015-10-06,74.3,75.08,73.15,73.27,57.187,2395742
2015-10-07,69.5,69.7,67.5,67.96,56.8025,2676751
2015-10-08,67.94,69.15,67.73,68.97,57.6467,1952090
2015-10-09,68.88,69.33,68.27,68.43,57.1953,1457790
2015-10-12,68.57,69.05,68.1,68.83,57.5296,1032550
2015-10-13,68.78,69.33,68.1,68.53,57.2789,1482932
2015-10-14,68.7,69.03,66.57,66.87,55.8914,2418616
2015-10-15,67.26,67.47,65.755,67.42,56.3511,1961881
2015-10-16,67.57,67.91,66.72,67.27,56.2258,1210746
2015-10-19,67.2,68.48,66.93,68.44,57.2037,1524907
2015-10-20,68.28,69.19,68.01,68.53,57.2789,1360527
2015-10-21,68.86,69.54,67.59,67.68,56.5684,1783291
2015-10-22,68,68.81,67.58,68.51,57.2622,1572715
2015-10-23,67.95,68.67,64.61,64.99,54.3201,2459183
2015-10-26,64.77,65.33,63.73,65.23,54.5207,2086373
2015-10-27,65.4,65.4,63.73,64.58,53.9774,2126850
2015-10-28,64.91,65.86,63.93,64.66,54.0443,1983359
2015-10-29,64.84,64.84,63.92,64.7,54.0777,1095106
2015-10-30,64.78,65.63,64.39,65.21,54.504,1534864
2015-11-02,65.08,65.49,63.5,65.2,54.4956,2234616
2015-11-03,66.07,67.27,65.88,66.99,55.9917,2233338
2015-11-04,67.11,67.23,66.09,66.42,55.5153,1403693
2015-11-05,66.5,66.98,65.62,66.68,55.7326,1676495
2015-11-06,66.53,66.99,65.73,65.8,54.9971,1920993
2015-11-09,65.5,65.51,62.19,62.7,52.406,4132623
2015-11-10,62.94,64.84,62.3,64.73,54.1028,3028430
2015-11-11,63.23,63.56,61.06,62.32,52.0884,4699264
2015-11-12,62.32,64.51,62.31,63.47,53.0496,6735853
2015-11-13,50.49,54.34,50.43,53.96,45.101,23930029
2015-11-16,53.51,55,52.8199,54.73,45.7445,6574309
2015-11-17,55.51,55.58,53.76,54.64,45.6693,3421081
2015-11-18,54.83,55.75,54.31,55.64,46.5051,3660475
2015-11-19,55.44,55.9957,54.91,55.6,46.4717,3116181
2015-11-20,56.19,56.99,55.82,55.96,46.7726,3016209
2015-11-23,55.95,57.62,55.72,56.76,47.4413,4331563
2015-11-24,56.59,58.64,56.52,57.71,48.2353,3586983
2015-11-25,57.71,58.27,57.4,57.79,48.6138,2099731
2015-11-27,57.68,58.06,57.06,57.61,48.4624,1396081
2015-11-30,57.45,57.66,56.085,56.31,47.3688,5004543
2015-12-01,56.5,56.97,56.1,56.75,47.739,3487741
2015-12-02,56.99,57.71,56.3,56.61,47.6212,3339266
2015-12-03,56.8,57.23,55.62,57,47.9493,5176004
2015-12-04,56.78,57.64,56.28,57.08,48.0166,4857584
2015-12-07,56.7,56.7,54.66,56.44,47.4782,7047224
2015-12-08,56,57.77,55.87,56.84,47.8147,4109491
2015-12-09,56.28,57.84,56.15,56.67,47.6717,3551708
2015-12-10,56.94,57.93,56.62,56.77,47.7558,2627138
2015-12-11,56,56.29,55.24,55.43,46.6286,3538040
2015-12-14,55.75,56.314,54.25,54.76,46.065,4813592
2015-12-15,55,55.41,54.31,54.51,45.8547,4430539
2015-12-16,54.97,55.2,53.08,54.08,45.4929,5153136
2015-12-17,54.15,54.15,51.27,51.34,43.188,5953825
2015-12-18,51.22,51.54,49.98,50.58,42.5487,6226547
2015-12-21,50.96,51.17,49.43,50.05,42.1028,3645965
2015-12-22,49.86,51.13,49.34,50.81,42.7422,3530461
2015-12-23,51.27,51.86,50.44,51.56,43.3731,2665294
2015-12-24,51.5,51.61,50.53,50.95,42.8599,889431
2015-12-28,50.62,51.14,50,50.35,42.3552,2172541
2015-12-29,50.82,51.78,50.73,50.88,42.801,2434246
2015-12-30,50.83,51.29,50.26,50.31,42.3216,1663076
2015-12-31,50.21,50.55,49.72,49.81,41.9009,2401604
2016-01-04,49.3,50.2,48.71,50.13,42.1701,4518333
2016-01-05,49.62,50.7,48.71,49.97,42.0355,5307905
2016-01-06,49.04,49.31,47.71,48.49,40.7905,4218344
2016-01-07,47.07,49.63,47.02,48.5,40.799,7616510
2016-01-08,48.48,48.51,46.14,46.24,38.8978,4015303
2016-01-11,46.53,47.3,45.88,46.81,39.3773,3702213
2016-01-12,47.37,47.55,46.32,47.12,39.6381,2968760
2016-01-13,47.2,47.6,45.84,45.95,38.6539,2808888
2016-01-14,46.06,46.545,44.63,45.79,38.5193,3563074
2016-01-15,44.49,46.04,44.49,45.45,38.2332,3830871
2016-01-19,45.76,46.47,44.56,46.14,38.8137,4360831
2016-01-20,45.54,46.62,44.69,46.1,38.78,4647778
2016-01-21,46.29,48.225,45.97,47.74,40.1596,5490666
2016-01-22,48.3,49.1,47.55,48.02,40.3952,4241226
2016-01-25,47.93,48.19,46.76,46.87,39.4278,3193809
2016-01-26,47.37,48.29,47.08,48.04,40.412,2123267
2016-01-27,47.69,48.85,47.66,48.02,40.3952,1827331
2016-01-28,49.68,49.81,47.48,47.99,40.3699,1680241
2016-01-29,48.43,49.18,48.2,49.1,41.3037,2118094
2016-02-01,48.46,50.19,47.81,49.93,42.0019,2893969
2016-02-02,50.18,50.18,48.66,49.16,41.3542,3153304
2016-02-03,49.33,50.78,48.84,50.53,42.5066,4038203
2016-02-04,49.28,49.28,46.795,47.43,39.8989,5557531
2016-02-05,47.43,48.95,46.704,48.18,40.5298,4682560
2016-02-08,48.15,51.89,47.965,50.85,42.7758,6711322
2016-02-09,50.22,51.73,50.09,50.34,42.3468,4448468
2016-02-10,50.62,50.86,49.15,49.19,41.3794,2628440
2016-02-11,48.58,49.37,47.97,49.19,41.3794,3021785
2016-02-12,48.94,49.7,47.3,48.91,41.1438,3801910
2016-02-16,49.64,51.64,49.51,50.9,42.8179,4480868
2016-02-17,51.34,52.78,51.08,52.25,43.9535,7120142
2016-02-18,52.16,53.07,51.17,52.72,44.3489,8327155
2016-02-19,47.85,49.75,46.65,49.17,41.3626,18947449
2016-02-22,49.32,51.39,49.32,51.37,43.2132,4712773
2016-02-23,51.4,51.57,50.19,50.86,42.7842,2753260
2016-02-24,50.52,52,49.48,51.92,43.6759,3537564
2016-02-25,51.9,52.76,50.65,52.43,44.1049,2835093
2016-02-26,52.72,52.76,51.81,52.51,44.1722,2330777
2016-02-29,52.32,52.5,51.23,51.32,43.1712,3370096
2016-03-01,51.67,52.36,51.08,52.29,43.9872,2579369
2016-03-02,52.37,52.83,52.12,52.75,44.3741,3080862
2016-03-03,52.54,53.22,52.15,53.06,44.9502,2012495
2016-03-04,53.04,55.31,52.57,54.51,46.1786,6376553
2016-03-07,53.1,55.56,53.02,54.69,46.3311,4177556
2016-03-08,54.01,55.99,54,55.11,46.6869,4829495
2016-03-09,55.39,56.25,54.96,55.84,47.3053,3367871
2016-03-10,56.29,57.08,55.63,57.01,48.2965,4074582
2016-03-11,57.27,57.6496,56.03,56.49,47.8559,2681509
2016-03-14,56.02,56.52,55.6,56.06,47.4917,1798298
2016-03-15,55.81,56.89,55.5,56.77,48.0931,2422780
2016-03-16,56.27,56.988,56.02,56.85,48.1609,1753439
2016-03-17,56.85,58.5,56.5,58.22,49.3215,2342275
2016-03-18,58.01,59.37,57.27,58.52,49.5757,3668823
2016-03-21,57.88,58.7,57.4,57.67,48.8556,2454082
2016-03-22,57.64,58.19,56.72,56.75,48.0762,2579164
2016-03-23,56.84,56.87,55.9,56.04,47.4747,2114352
2016-03-24,55.9,56.07,55.45,55.97,47.4154,2026547
2016-03-28,55.97,57.24,55.91,56.7,48.0338,1344512
2016-03-29,56.86,57.45,56.6,57.31,48.5506,1452558
2016-03-30,57.51,57.98,57.15,57.5,48.7116,1147211
2016-03-31,57.47,57.88,57.125,57.21,48.4659,1211359
2016-04-01,57.08,57.92,56.82,57.23,48.4828,1889533
2016-04-04,57.15,57.42,55.43,55.55,47.0596,2570125
2016-04-05,55.41,55.55,54.59,54.88,46.492,2460148
2016-04-06,54.81,54.94,53.88,54.72,46.3565,2667425
2016-04-07,54.38,54.67,52.21,52.45,44.4334,5483170
2016-04-08,52.05,52.18,49.9,51.14,43.3236,5299117
2016-04-11,51.23,51.44,50.65,50.84,43.0695,3040183
2016-04-12,50.78,51.93,49.95,51.59,43.7049,3684632
2016-04-13,51.78,52.02,51.16,51.99,44.0437,3674450
2016-04-14,52,52,50.69,51.3,43.4592,2305245
2016-04-15,51.28,51.98,50.78,51.7,43.798,2537806
2016-04-18,51.66,52.57,51.57,52.33,44.3318,2193105
2016-04-19,52.35,52.9,52.05,52.51,44.4842,1754066
2016-04-20,52.66,54.185,52.5401,53.57,45.3822,2321108
2016-04-21,53.6,54.42,53.21,53.28,45.1366,4143470
2016-04-22,52.34,53.4,51.43,51.59,43.7049,4290681
2016-04-25,51.51,52.28,51.1801,52.01,44.0607,1700137
2016-04-26,51.97,52.88,51.72,52.77,44.7045,2683303
2016-04-27,52.61,53.55,52.29,53.47,45.2975,1588550
2016-04-28,53.37,53.82,52.6,52.73,44.6706,1529899
2016-04-29,52.24,52.24,50.58,51.13,43.3152,3116013
2016-05-02,51.2,51.74,50.42,51.59,43.7049,2676048
2016-05-03,51.21,51.21,50.06,50.8,43.0356,2143119
2016-05-04,50.21,50.45,48.945,49.55,41.9767,3877510
2016-05-05,49.37,49.38,47.64,48.71,41.265,5014674
2016-05-06,48.31,48.31,47.18,48.06,40.7144,4678296
2016-05-09,48.16,49.57,48.04,49.2,41.6802,4222027
2016-05-10,48.7,49.02,47.96,48.86,41.3921,5063847
2016-05-11,47.03,47.03,45.29,45.43,38.4864,10006610
2016-05-12,45,46.26,43.84,45.23,38.3169,13426230
2016-05-13,38.48,41.02,37.995,39.16,33.1747,29545061
2016-05-16,39.63,39.65,38.4,38.54,32.6495,10379550
2016-05-17,38.4,38.75,37.51,37.65,31.8955,7042091
2016-05-18,37.22,37.5,36.1875,36.37,30.8111,8688953
2016-05-19,36.67,37.36,36.51,37.11,31.438,6326372
2016-05-20,37.25,38.13,37.08,38.12,32.2936,4846778
2016-05-23,38.28,39.18,38.11,38.16,32.3275,5240799
2016-05-24,38.38,38.58,37.615,38.01,32.2005,2721182
2016-05-25,38.07,38.365,37.66,38.2,32.3614,5086499
2016-05-26,37.84,38.1,37.36,37.66,32.216,3751547
2016-05-27,37.77,38.18,37.61,38.17,32.6523,2704746
2016-05-31,38.17,38.31,37.62,37.98,32.4897,4793795
2016-06-01,37.98,38.33,37.75,38.15,32.6352,3900301
2016-06-02,38.23,39.41,38,39.3,33.6189,4576281
2016-06-03,39.13,39.94,39.0601,39.75,34.0039,4453776
2016-06-06,39.85,40.22,39.29,39.84,34.0809,3692863
2016-06-07,39.59,40.85,39.5,40.5,34.6455,4164329
2016-06-08,40.48,40.84,40.22,40.56,34.6968,3254085
2016-06-09,40.58,40.58,39.09,39.57,33.8499,2997135
2016-06-10,38.85,38.89,38.31,38.88,33.2596,4313811
2016-06-13,38.88,38.89,37.645,37.68,32.2331,3610345
2016-06-14,37.69,37.77,36.41,36.68,31.3777,5393333
2016-06-15,37.05,38.43,36.96,36.99,31.6428,5180970
2016-06-16,37.19,37.2,36.33,36.78,31.4632,5516498
2016-06-17,36.9,37.74,36.82,37.48,32.062,4906731
2016-06-20,38.09,38.269,37.65,37.71,32.2588,2378723
2016-06-21,37.95,38.23,37.68,37.75,32.293,2616137
2016-06-22,37.83,38.98,37.74,37.79,32.3272,3050547
2016-06-23,38.26,38.6268,38.09,38.25,32.7207,2480544
2016-06-24,37.05,37.52,36.56,37.13,31.7626,4210417
2016-06-27,37.11,37.11,35.01,36.2,30.967,4739346
2016-06-28,36.58,37.19,36.36,37.11,31.7455,3328584
2016-06-29,37.25,38.12,37.075,37.87,32.3956,3451452
2016-06-30,38.03,38.1142,37.4,38.05,32.5496,2732860
2016-07-01,37.84,38.54,37.8,38.23,32.7036,2757893
2016-07-05,38.23,38.23,36.7938,37.46,32.0449,2728943
2016-07-06,37.29,38.41,36.82,38.33,32.7891,3656254
2016-07-07,38.34,39.54,38.34,39.15,33.4906,4460093
2016-07-08,39.46,40.6,39.46,40.32,34.4915,3937573
2016-07-11,40.4,41.11,40.12,40.96,35.039,3070011
2016-07-12,41.14,41.78,41.06,41.62,35.6036,3198094
2016-07-13,41.57,41.89,40.6,41.1,35.1587,2534832
2016-07-14,41.48,41.8,40.68,40.87,34.962,2087602
2016-07-15,41.07,41.34,40.63,40.64,34.7652,2130734
2016-07-18,40.69,41.41,40.51,41.11,35.1673,1988023
2016-07-19,41.08,41.08,40.32,40.46,34.6112,2305086
2016-07-20,40.65,41.305,40.33,41.2,35.2443,1604355
2016-07-21,41.14,41.68,41.01,41.24,35.2785,2067050
2016-07-22,41.23,41.42,40.68,40.86,34.9534,2357502
2016-07-25,41.08,42.88,40.95,42.74,36.5616,4274260
2016-07-26,43.97,45.15,43.86,43.93,37.5796,6290802
2016-07-27,44.06,44.44,42.25,42.78,36.5959,3398932
2016-07-28,42.67,43.36,41.77,43.27,37.015,2311973
2016-07-29,42.86,44.41,42.63,44.23,37.8363,3292494
2016-08-01,43.93,44.27,43.38,43.74,37.4171,3159212
2016-08-02,43.02,43.31,40.55,40.74,34.8508,5563524
2016-08-03,39.88,41.82,39.05,41.61,35.595,4205549
2016-08-04,41.5,42.34,41.1,42,35.9286,2248767
2016-08-05,42.37,44.08,42.225,43.55,37.2546,3112485
2016-08-08,43.66,45.08,43.66,44.77,38.2982,3428293
2016-08-09,44.61,44.7,42.95,43.52,37.2289,4771835
2016-08-10,43.81,45.4,43.52,44.23,37.8363,4407736
2016-08-11,47,48.91,46.66,47.56,40.6849,13944020
2016-08-12,51,52.09,50.26,51.38,43.9527,14787150
2016-08-15,51.73,53.25,51.64,52.96,45.3043,5845683
2016-08-16,52.7,53.71,52.26,52.66,45.0476,4351068
2016-08-17,52.03,52.465,51.24,51.74,44.2606,3962045
2016-08-18,52.13,52.39,51.62,52.07,44.5429,2490553
2016-08-19,52.4,52.88,51.85,52.64,45.0305,2897435
2016-08-22,52.64,52.73,51.61,52.14,44.6028,2840277
2016-08-23,52.63,53.27,52.32,52.89,45.2444,2473198
2016-08-24,52.65,52.8,52.2,52.29,44.7311,1908849
2016-08-25,51.85,52.42,51.235,51.56,44.421,1775212
2016-08-26,51.62,52.08,50.98,51.26,44.1625,1970149
2016-08-29,51.49,52.51,51.39,52.45,45.1877,2128235
2016-08-30,51.99,52.299,51.02,51.45,44.3262,2187232
2016-08-31,51.6,51.87,50.23,50.46,43.4733,3024551
2016-09-01,50.76,51.11,50.43,51.03,43.9644,2538917
2016-09-02,51.27,52.39,51.12,51.87,44.6881,3054800
2016-09-06,51.69,51.78,49.84,50.02,43.0942,4010920
2016-09-07,49.88,51.17,49.39,50.97,43.9127,2991569
2016-09-08,50.77,50.84,49.85,50.07,43.1373,1980869
2016-09-09,49.71,50.3926,49.56,49.7,42.8185,2759221
2016-09-12,49.42,50.45,49.3,50.3,43.3354,2543381
2016-09-13,49.86,50.13,48.83,49.17,42.3619,3256769
2016-09-14,49.23,49.94,48.46,49.41,42.5687,2979554
2016-09-15,49.31,52,48.87,51.7,44.5416,5178833
2016-09-16,51.23,51.78,51,51.28,44.1797,4126298
2016-09-19,51.43,51.525,50.39,50.63,43.6197,2533088
2016-09-20,50.63,50.91,49.66,49.76,42.8702,1729178
2016-09-21,49.94,51.08,49.94,51.07,43.9988,2245939
2016-09-22,51.12,51.55,49.98,50.49,43.4991,3744267
2016-09-23,51.05,52.05,50.971,51.57,44.4296,2541844
2016-09-26,51.12,51.99,51.04,51.5,44.3693,3213237
2016-09-27,51.47,52.28,51.33,51.71,44.5502,1676257
2016-09-28,51.43,51.94,51.16,51.78,44.6105,1460340
2016-09-29,51.7,52.62,51.42,51.48,44.3521,1995633
2016-09-30,52.16,52.6,51.39,51.88,44.6967,2607114
2016-10-03,51.62,51.71,50.95,51.11,44.0333,2156232
2016-10-04,51.12,51.78,50.87,51.65,44.4985,2108310
2016-10-05,51.86,53.33,51.76,53,45.6616,2433500
2016-10-06,52.86,54.6,52.4,53.94,46.4714,3292862
2016-10-07,54.3,55.23,54.14,54.83,47.2382,3613632
2016-10-10,54.99,55.2,53.58,54.27,46.7557,2319426
2016-10-11,54.35,54.86,53.93,54.14,46.6437,2308662
2016-10-12,54.16,54.89,53.925,54.54,46.9884,2351355
2016-10-13,54.1,54.11,53.17,53.68,46.2474,2144176
2016-10-14,52.88,54.1,52.55,53.63,46.2044,3297810
2016-10-17,53.57,54.27,53.01,53.27,45.8942,1762277
2016-10-18,53.87,53.89,53.1,53.27,45.8942,2082090
2016-10-19,53.31,53.64,53.02,53.43,46.0321,2621161
2016-10-20,53.31,53.45,52.82,53.11,45.7564,1678001
2016-10-21,52.77,54.38,52.59,54.13,46.6351,3270696
2016-10-24,54.49,55.11,54.285,54.79,47.2038,2161800
2016-10-25,54.22,54.64,53.79,54.14,46.6437,2748588
2016-10-26,53.94,55.12,53.94,54.03,46.549,2968513
2016-10-27,54.49,54.54,52.41,52.5,45.2308,3564285
2016-10-28,52.48,53.3,51.73,52.7,45.4031,3375961
2016-10-31,52.14,52.8,51.7,52,44.8001,2638624
2016-11-01,51.97,52.22,50.11,50.86,43.8179,3285116
2016-11-02,50.77,51.47,50.39,50.94,43.8868,3006996
2016-11-03,51.11,51.605,50.11,50.21,43.2579,2218615
2016-11-04,50.39,50.92,50.11,50.39,43.413,2274747
2016-11-07,51.29,51.85,51.24,51.82,44.645,1724500
2016-11-08,51.81,52.57,51.165,52.05,44.8431,2984622
2016-11-09,50.99,52.65,50.18,52.29,45.0499,5374946
2016-11-10,53.99,57.33,53.99,56.03,48.2721,10673490
2016-11-11,57.5,59.18,55.05,58.72,50.5896,11523460
2016-11-14,59.06,62.82,59.06,59.55,51.3047,10520540
2016-11-15,59.74,59.74,57.85,58.3,50.2278,4644271
2016-11-16,58.25,58.81,57.61,58.3,50.2278,4020206
2016-11-17,58.5,59,57.671,58.5,50.4001,2659752
2016-11-18,57.81,59.5,56.79,58.94,50.7791,4053673
2016-11-21,58.47,58.94,57.5,57.73,49.7367,3210878
2016-11-22,58.07,58.59,57.86,57.9,49.8831,2472357
2016-11-23,57.32,58.56,57.05,58.53,50.7502,2428421
2016-11-25,58.86,59.08,57.74,57.85,50.1606,1147145
2016-11-28,57.82,57.82,55.83,56.06,48.6085,4388517
2016-11-29,56.21,56.89,55.9,56.35,48.86,2858180
2016-11-30,56.21,56.655,55.55,55.92,48.4871,4235695
2016-12-01,55.77,57.67,55.3,56.04,48.5912,3454799
2016-12-02,56.12,57.05,55.844,56.54,49.0247,2088123
2016-12-05,57.04,57.99,56.64,57.2,49.597,2702570
2016-12-06,57.33,57.57,56.58,57.26,49.649,1870523
2016-12-07,57.38,60.1,57,60.09,52.1029,3345504
2016-12-08,59.6,61.85,59.57,61.49,53.3168,4141110
2016-12-09,61.53,61.77,59.96,60.75,52.6751,2761231
2016-12-12,60.24,60.51,58.04,58.41,50.6462,3785994
2016-12-13,57.8,58.79,57.26,58.35,50.5941,3275240
2016-12-14,58.265,58.41,56.65,57.02,49.4409,3782219
2016-12-15,57.39,57.57,55.25,55.28,47.9322,2205110
2016-12-16,53.07,53.13,50.2,50.48,43.7702,10748020
2016-12-19,50.4,51.24,50.16,50.84,44.0824,4003714
2016-12-20,51,52.13,50.96,51.77,44.8888,2844495
2016-12-21,51.91,52.11,51.21,51.21,44.4032,1513874
2016-12-22,51.22,51.22,48.01,48.24,41.828,3841039
2016-12-23,48.53,49.72,48.5,48.75,42.2702,2331284
2016-12-27,48.92,49.53,48.42,48.96,42.4523,2313434
2016-12-28,49,49.27,48.17,48.41,41.9754,1674732
2016-12-29,48.27,48.89,47.93,48.29,41.8713,1455269
2016-12-30,48.44,48.77,47.75,47.93,41.5592,1552133
2017-01-03,48.24,48.54,47.3,47.62,41.2904,3968123
2017-01-04,47.85,49.195,47.75,48.92,42.4176,3781096
2017-01-05,45.12,45.68,44.02,45.56,39.5042,7409950
2017-01-06,45.42,46.15,45.15,45.47,39.4261,3088175
2017-01-09,45.42,45.6,45.01,45.05,39.062,2270033
2017-01-10,45.1,45.98,44.89,45.67,39.5996,2325001
2017-01-11,45.83,45.915,44.46,44.9,38.9319,3031351
2017-01-12,44.69,45.44,44.39,45.03,39.0446,1903268
2017-01-13,45.02,45.1399,44.09,44.2,38.325,2338751
2017-01-17,43.65,45.04,43.511,44.38,38.481,2022978
2017-01-18,45.22,45.22,42.9,44.31,38.4203,3708381
2017-01-19,44.39,44.57,42.86,42.93,37.2238,3588438
2017-01-20,42.97,44.77,42.97,44.64,38.7065,4064118
2017-01-23,44.23,45,43.99,44.41,38.507,3116448
2017-01-24,44.44,45.09,44.32,44.99,39.0099,1689499
2017-01-25,45.19,45.5,44.8,45.01,39.0273,1663331
2017-01-26,45.04,45.64,44.27,44.32,38.429,2705788
2017-01-27,44.45,44.45,42.32,42.83,37.1371,3299444
2017-01-30,42.76,43.79,42.62,43.7,37.8914,2222980
2017-01-31,43.02,44.34,42.4,44.22,38.3423,2829750
2017-02-01,44.55,44.55,43.37,43.82,37.9955,2354159
2017-02-02,42.81,44.14,42.5,43.51,37.7267,3914598
2017-02-03,43.44,46.09,43.03,43.9,38.0648,4679377
2017-02-06,43.74,44.19,42.58,42.88,37.1804,3015994
2017-02-07,43.18,43.73,42.65,42.78,37.0937,1972553
2017-02-08,42.32,44.55,42.32,44.53,38.6111,5710281
2017-02-09,44.59,46.39,44.569,45.55,39.4955,5420358
2017-02-10,45.78,46.18,44.2,45,39.0186,3121745
2017-02-13,45.375,45.47,43.72,44.36,38.4637,3018864
2017-02-14,44.31,45.8,44.31,45.44,39.4001,2551459
2017-02-15,45.66,46.47,45.44,46.12,39.9898,4031884
2017-02-16,46.05,46.19,44.05,44.18,38.3076,3284530
2017-02-17,44.31,45.97,44.14,45.69,39.6169,4296132
2017-02-21,46.12,46.65,45.65,45.87,39.773,3306965
2017-02-22,45.98,46.13,44.77,45.35,39.3221,2459548
2017-02-23,44.86,45.05,43.66,43.94,38.0995,5364950
2017-02-24,44.97,47.03,44,46.46,40.2846,12959560
2017-02-27,46.32,48.16,46.13,47.61,41.6131,7315532
2017-02-28,47.1,47.54,46.08,46.66,40.7828,4704488
2017-03-01,46.87,47.05,44.7,45.6,39.8563,4672916
2017-03-02,45.74,46.7,45.39,46.65,40.774,4169364
2017-03-03,46.74,46.9,45.7602,46.35,40.5118,2270376
2017-03-06,45.97,46.06,44.62,45.5,39.7689,3979250
2017-03-07,45,45.55,43.98,44.03,38.484,3750994
2017-03-08,44.14,45.53,44.14,45.15,39.463,2671294
2017-03-09,45.05,45.39,44.41,44.67,39.0434,2098329
2017-03-10,44.87,45.1,44.28,44.45,38.8511,2788888
2017-03-13,44.4,44.52,43.42,43.6,38.1082,2349970
2017-03-14,43.64,43.89,43.37,43.78,38.2655,1832484
2017-03-15,43.6,44.545,43.44,44.34,38.755,1776801
2017-03-16,44.07,44.83,43.68,44.31,38.7288,2343529
2017-03-17,44.55,44.66,43.66,43.92,38.3879,3366959
2017-03-20,43.98,44.08,42.45,42.58,37.2167,2651226
2017-03-21,42.59,42.75,40.86,41.81,36.5437,3212631
2017-03-22,41.87,42.05,40.695,41.96,36.6748,2650313
2017-03-23,42.39,42.77,41.505,41.61,36.3689,2713891
2017-03-24,41.55,42.13,41.18,41.95,36.666,2107905
2017-03-27,41.52,42.66,41.39,42.46,37.1118,2645687
2017-03-28,42.12,43.6,42.12,43.58,38.0907,2897090
2017-03-29,43.5,45.99,43.31,45.92,40.136,5004312
2017-03-30,45.59,46.5,45.41,46.45,40.5992,2180573
2017-03-31,46.4,46.85,46.29,46.57,40.7041,2645203
2017-04-03,46.57,47.03,45.55,46.48,40.6254,3085864
2017-04-04,46.09,46.09,43.82,43.92,38.3879,3867528
2017-04-05,44.02,44.79,43.351,43.44,37.9683,2378807
2017-04-06,43.92,45.9,43.85,44.72,39.0871,3545309
2017-04-07,44.52,44.93,44.1501,44.53,38.9211,1819482
2017-04-10,44.72,46.08,44.72,45.4,39.6815,1724748
2017-04-11,45.44,46.58,45.06,46.57,40.7041,2324763
2017-04-12,46.41,46.72,45.79,46.43,40.5817,3405347
2017-04-13,46.4,46.82,46.19,46.57,40.7041,2770041
2017-04-17,46.24,46.74,45.68,46.1,40.2933,2222211
2017-04-18,46.03,46.39,45.61,46.08,40.2758,1530858
2017-04-19,46.37,47.41,46.37,46.53,40.6691,2285489
2017-04-20,46.93,48.42,46.93,47.87,41.8404,3037210
2017-04-21,47.73,47.98,47.2008,47.62,41.6218,1944128
2017-04-24,48.23,48.255,46.82,47.23,41.281,1904763
2017-04-25,47.5,47.77,46.8,47.15,41.211,1689209
2017-04-26,47.3,48.1,47.07,47.68,41.6743,1825322
2017-04-27,47.67,48.355,47.23,48.3,42.2162,1968677
2017-04-28,47.8,48.45,47.52,48.27,42.19,2518907
2017-05-01,48.31,48.55,47.35,47.35,41.3858,1742730
2017-05-02,47.485,48.83,47.29,48.64,42.5134,2038332
2017-05-03,48.6,49.76,48.36,49.64,43.3874,3113093
2017-05-04,49.79,50.22,49.1,49.14,42.9504,2999031
2017-05-05,49.32,49.5,48.705,49.01,42.8368,2026561
2017-05-08,49.34,49.67,48.68,48.7,42.5658,1706227
2017-05-09,48.94,49.41,48.63,49.35,43.1339,1985245
2017-05-10,48.99,50.04,48.7,50.01,43.7108,2498314
2017-05-11,48.5,48.77,45.8,46.21,40.3894,11157060
2017-05-12,43.57,43.59,41,41.2,36.0105,18905330
2017-05-15,41.36,42.5773,41.23,41.4,36.1853,5182863
2017-05-16,41.11,41.11,40.28,40.64,35.521,4629096
2017-05-17,40.85,41.54,40.7,40.81,35.6696,3414710
2017-05-18,41.06,41.49,40.47,40.66,35.5385,1933334
2017-05-19,41.23,41.23,39.53,40.77,35.6347,2771840
2017-05-22,40.98,42.26,40.79,42.04,36.7447,2498224
2017-05-23,42.12,42.14,41.22,41.55,36.3164,1829694
2017-05-24,41.36,41.43,40.68,41.29,36.4134,1794769
2017-05-25,41.89,42.47,41.67,41.8,36.8632,1673441
2017-05-26,41.98,42.54,41.63,42.47,37.4541,2291378
2017-05-30,42.54,42.7,42.25,42.44,37.4276,1657857
2017-05-31,42.37,42.37,41.13,41.8,36.8632,3166974
2017-06-01,41.92,42.94,41.71,42.88,37.8156,2178825
2017-06-02,42.94,43.225,42.21,42.47,37.4541,1485655
2017-06-05,42.23,42.34,41.47,41.65,36.7309,2197586
2017-06-06,41.51,41.66,39.715,40.14,35.3992,4561453
2017-06-07,40.23,40.624,39.87,40.48,35.6991,2510027
2017-06-08,46.94,47.9,43.75,44.63,39.3589,23161850
2017-06-09,44.11,48.05,43.3991,47.16,41.5901,10744610
2017-06-12,47.06,48.3265,46.385,46.47,40.9816,3799589
2017-06-13,46.43,47.15,46.11,46.38,40.9023,2082586
2017-06-14,46.41,47.38,45.54,47.32,41.7312,2120041
2017-06-15,47.27,48.23,46.91,47,41.449,2771504
2017-06-16,46.25,47.505,45.71,47.5,41.89,3442179
2017-06-19,47.56,48.3,46.78,48.06,42.3838,2223615
2017-06-20,48.03,48.03,46.09,46.16,40.7082,2737036
2017-06-21,45.93,46.27,45,46.08,40.6377,2126903
2017-06-22,45.86,47.84,45.73,47.48,41.8723,3748330
2017-06-23,47.48,48.04,46.93,48,42.3309,3205435
2017-06-26,48.02,48.3,47.48,47.8,42.1546,1549567
2017-06-27,47.94,48.43,47.64,47.67,42.0399,1567228
2017-06-28,48.08,48.23,47.29,47.68,42.0487,1690317
2017-06-29,47.79,48.07,47.09,47.56,41.9429,1760770
2017-06-30,47.86,48.11,47.31,47.83,42.181,1398771
2017-07-03,48.08,48.88,47.97,48.41,42.6925,912348
2017-07-05,48.3,48.95,48,48.12,42.4368,1748859
2017-07-06,47.92,48.09,47.18,47.38,41.7842,1241157
2017-07-07,47.47,47.98,47.08,47.54,41.9253,1118819
2017-07-10,47.26,47.26,45.99,46.22,40.7612,2258934
2017-07-11,46.24,46.8,46.06,46.45,40.964,1207768
2017-07-12,46.5,46.9,46.17,46.61,41.1051,1273712
2017-07-13,46.9,48.21,46.89,47.33,41.7401,2511531
2017-07-14,47.36,47.45,46.53,46.85,41.3168,1343483
2017-07-17,46.86,47.86,46.82,47.41,41.8106,1100998
2017-07-18,47.14,47.47,45.97,46.27,40.8053,1709111
2017-07-19,46.44,47.1,46.23,46.94,41.3961,1114480
2017-07-20,47.09,47.32,46.42,47.1,41.5372,762386
2017-07-21,47.11,47.46,46.63,47.44,41.8371,781896
2017-07-24,47.25,47.38,46.8,46.9,41.3608,993198
2017-07-25,47.17,48.69,47.08,48.09,42.4103,2062681
2017-07-26,48.23,48.23,47.46,47.86,42.2075,1004953
2017-07-27,47.82,50.32,47.53,48.97,43.1864,3965708
2017-07-28,49.199,49.28,47.9,48.56,42.8248,2152645
2017-07-31,48.97,48.98,48.01,48.57,42.8336,1205538
2017-08-01,48.55,49.005,47.96,48.94,43.1599,927014
2017-08-02,46.88,47.67,46.24,46.49,40.9993,3700691
2017-08-03,46.37,47.8225,46.35,46.85,41.3168,2828084
2017-08-04,46.97,47.325,46.47,46.81,41.2815,2088844
2017-08-07,47.1,47.87,46.86,47.49,41.8812,1731635
2017-08-08,48.75,48.86,47.36,47.41,41.8106,1530332
2017-08-09,47,47.2083,46.33,46.88,41.3432,1839443
2017-08-10,46.1,46.69,44.55,44.87,39.5706,5472315
2017-08-11,44.35,46,43.74,44.9,39.5971,6548321
2017-08-14,45.41,45.87,44.96,45.36,40.0027,2255380
2017-08-15,45.07,45.13,44.32,44.66,39.3854,1830282
2017-08-16,45.02,45.59,44.44,44.58,39.3149,1170166
2017-08-17,44.26,44.7,43.811,44.44,39.1914,1290685
2017-08-18,44.26,44.73,44.06,44.33,39.0944,1284938
2017-08-21,44.29,44.54,43.67,43.77,38.6005,1661300
2017-08-22,44.08,44.67,43.92,44.52,39.2619,908937
2017-08-23,44.17,44.78,43.98,44.6,39.3325,1005284
2017-08-24,45.21,45.42,43.705,43.82,38.9679,1771053
2017-08-25,43.89,46.02,43.89,45.34,40.3196,1878660
2017-08-28,45.4,45.4,44.47,45.06,40.0706,1408111
2017-08-29,44.52,44.89,44.16,44.54,39.6082,1316841
2017-08-30,44.53,45.09,44.23,44.29,39.3858,1459868
2017-08-31,44.29,45.06,44.23,44.62,39.6793,1460250
2017-09-01,44.86,46.595,44.701,46.44,41.2978,1863397
2017-09-05,46.37,46.8,45.93,46.2,41.0844,1747480
2017-09-06,46.48,46.95,46.3,46.72,41.5468,1496550
2017-09-07,46.9,47,45.85,46.21,41.0932,1110059
2017-09-08,46.22,46.29,45.42,46.1,40.9954,1123847
2017-09-11,45.13,45.9599,43.59,44.72,39.7682,5102061
2017-09-12,44.89,45.97,44.66,45.05,40.0617,4947199
2017-09-13,47.9,48.11,46.94,47.74,42.4538,9565321
2017-09-14,47.7,47.72,46.36,46.74,41.5646,3298150
2017-09-15,46.66,47.29,46.51,46.74,41.5646,3005112
2017-09-18,46.76,47.18,46.61,46.64,41.4756,1550342
2017-09-19,46.85,47.08,46.21,46.22,41.1021,1803859
2017-09-20,46.1,46.28,45.83,46.22,41.1021,1492460
2017-09-21,46.3,46.46,45.86,46.28,41.1555,1108746
2017-09-22,46.42,46.935,46.32,46.88,41.6891,1552685
2017-09-25,46.68,47.76,46.57,47.32,42.0803,1545038
2017-09-26,47.46,47.71,47.05,47.53,42.2671,1600996
2017-09-27,47.55,47.81,46.9432,47.44,42.1871,1344808
2017-09-28,47.51,47.72,47.18,47.4,42.1515,1663231
2017-09-29,47.53,47.6,47.05,47.15,41.9292,1455297
2017-10-02,45.04,45.04,43.5,44.18,39.288,7689725
2017-10-03,44,44.31,43.3,44.2,39.3058,4014892
2017-10-04,44.349,44.449,43.8,44.25,39.3503,3490822
2017-10-05,44.26,44.97,43.9,44.8,39.8394,2171114
2017-10-06,44.63,44.93,44.15,44.31,39.4036,1391002
2017-10-09,44.44,44.67,43.221,43.54,38.7189,1266152
2017-10-10,43.59,43.97,43.23,43.38,38.5766,1323752
2017-10-11,43.4,43.51,42.7,42.92,38.1675,2257865
2017-10-12,42.71,42.8,42.12,42.59,37.8741,2938790
2017-10-13,42.48,42.88,42.17,42.65,37.9274,1424273
2017-10-16,40.54,41.4,39.63,40.4,35.9266,10612630
2017-10-17,40.34,41.47,40.0958,41.45,36.8603,3992928
2017-10-18,41.45,42.5,41.38,42.01,37.3583,3962222
2017-10-19,41.76,42.25,41.57,41.73,37.1093,1123742
2017-10-20,41.99,42.19,41.695,42.15,37.4828,1777846
2017-10-23,42.15,42.56,41.74,41.77,37.1449,1350632
2017-10-24,41.84,42.09,41.46,41.61,37.0026,1461712
2017-10-25,41.6,41.67,41.05,41.52,36.9226,2209301
2017-10-26,41.67,42.69,41.35,42.21,37.5362,2793651
2017-10-27,41.37,41.57,40.62,40.97,36.4335,2331480
2017-10-30,40.75,40.88,39.66,40,35.5709,3010956
2017-10-31,39.95,40.24,39.36,39.65,35.2596,2143316
2017-11-01,39.77,40.5,39.57,39.94,35.5175,1891380
2017-11-02,40.1,40.42,39.28,39.35,34.9928,1885960
2017-11-03,39.2,39.405,38.43,38.5,34.237,1642140
2017-11-06,38.5,39.36,38.16,39.26,34.9128,2701750
2017-11-07,39.12,39.16,38.14,38.31,34.068,2364945
2017-11-08,38.13,38.66,37.7924,38.3,34.0591,1866151
2017-11-09,38.85,40.8,38.39,40.03,35.5975,6859643
2017-11-10,39.41,40.5,38.4,40.03,35.5975,7114824
2017-11-13,39.71,40.19,38.47,38.72,34.4326,2871834
2017-11-14,38.42,39.37,38.42,39.16,34.8239,1968910
2017-11-15,38.8,39.77,38.56,39.19,34.8506,2158775
2017-11-16,39.56,40.5,39.03,39.97,35.5442,2033639
2017-11-17,40.86,41.22,40.32,40.86,36.3356,2346833
2017-11-20,40.91,41.465,40.37,41.44,36.8514,1899757
2017-11-21,41.37,41.46,40.41,41.3,36.7269,1458947
2017-11-22,41.27,41.88,41.045,41.16,36.6024,1607744
2017-11-24,41.23,41.48,40.71,40.96,36.755,974197
2017-11-27,41.08,41.8999,40.61,41.34,37.096,2857388
2017-11-28,41.39,42.72,41.11,42.67,38.2894,2103450
2017-11-29,42.87,46.35,42.78,45.76,41.0622,7680403
2017-11-30,45.61,46.96,45.151,45.45,40.784,4559270
2017-12-01,45.38,45.94,44.4,45.5,40.8289,2450236
2017-12-04,46.14,47.85,46.13,47.26,42.4082,3982844
2017-12-05,47.19,47.19,45.62,46.15,41.4122,2109495
2017-12-06,46.2,46.55,45.11,45.32,40.6674,2354876
2017-12-07,45.81,46.01,44.69,44.98,40.3623,2123782
2017-12-08,45.02,45.83,44.68,45.78,41.0801,1483419
2017-12-11,45.96,46.11,45.37,45.84,41.134,1683980
2017-12-12,45.08,46.39,45.08,45.74,41.0442,1653300
2017-12-13,45.89,46.49,45.56,46.27,41.5198,1383989
2017-12-14,46.25,46.84,44.86,44.96,40.3443,1719117
2017-12-15,45.32,46.0399,45.16,45.49,40.8199,2854172
2017-12-18,45.74,46.82,45.6201,46.63,41.8429,1741335
2017-12-19,46.81,46.99,45.99,46.51,41.7352,1323091
2017-12-20,46.81,47.13,46.31,46.84,42.0313,1816309
2017-12-21,46.84,47.68,46.75,47.5,42.6236,1232457
2017-12-22,47.52,47.75,47.27,47.54,42.6595,1715969
2017-12-26,47.6,49.09,47.592,48.47,43.494,1585632
2017-12-27,48.24,48.49,47.69,47.93,43.0094,2055334
2017-12-28,47.92,47.92,47.19,47.71,42.812,1270979
2017-12-29,47.78,48.07,47.28,47.38,42.5159,1149723
2018-01-02,48.76,49.86,48.51,49.12,44.0773,3562343
2018-01-03,49.3,49.7,48.53,48.65,43.6555,2138922
2018-01-04,48.38,48.625,46.3,48.06,43.1261,2351475
2018-01-05,48.22,48.65,47.9,48.25,43.2966,1352990
2018-01-08,48.56,49.24,47.55,48.27,43.3145,1778522
2018-01-09,48.24,48.24,47.445,47.89,42.9735,1710393
2018-01-10,47.64,49.5,47.55,49.2,44.149,3099386
2018-01-11,49.36,50.11,48.71,50.09,44.9477,2008416
2018-01-12,50.38,53,50.295,51.82,46.5001,5201554
2018-01-16,51.85,51.97,50.04,50.18,45.0284,1973686
2018-01-17,50.52,51.16,50.13,50.97,45.7373,1217288
2018-01-18,50.84,51.4,50.69,51.22,45.9617,884781
2018-01-19,51.42,52.1,51.06,52,46.6616,1504232
2018-01-22,52,52.83,51.51,52.82,47.3974,1100002
2018-01-23,51.82,52.4924,51.41,52,46.6616,1181859
2018-01-24,51.92,52.24,50.13,50.62,45.4233,2557942
2018-01-25,50.91,51,49.38,49.5,44.4182,1945760
2018-01-26,49.54,50.4,49.05,50.4,45.2258,2416973
2018-01-29,50.25,51.25,50.25,50.89,45.6655,1301369
2018-01-30,50.6,50.81,49.05,49.41,44.3375,1608686
2018-01-31,49.61,50.15,49.07,49.31,44.2477,1357407
2018-02-01,48.9,51,48.4,49.23,44.176,1447209
2018-02-02,48.82,49.41,47.53,47.85,42.9376,1842334
2018-02-05,47.58,48.49,46.51,46.64,41.8519,2622579
2018-02-06,47.06,48.75,46.1,48.26,43.3055,2463963
2018-02-07,49.35,50.15,48.5,49.3,44.2388,2221331
2018-02-08,48.89,49.08,47.2,47.23,42.3813,1791575
2018-02-09,47.67,48.61,46.2,47.89,42.9735,2079440
2018-02-12,48.18,48.76,47.67,48.37,43.4042,910082
2018-02-13,48.3,49.23,48.18,49.17,44.1221,1001251
2018-02-14,48.87,50.67,48.49,50.36,45.19,1487097
2018-02-15,50.76,51.6,50.3,51.24,45.9796,1333622
2018-02-16,51.13,51.8,50.9,51.5,46.2129,1346662
2018-02-20,50.97,51.43,50.15,50.49,45.3066,1343886
2018-02-21,50.52,51.1,50.04,50.06,44.9208,1125792
2018-02-22,50.16,50.7368,50,50.27,45.1092,1014627
2018-02-23,50.69,54,50.23,53.56,48.0614,7127872
2018-02-26,53.63,53.8,52.21,52.4,47.0205,2237668
2018-02-27,53.14,53.53,51.01,51.03,45.7912,2769921
2018-02-28,51.51,51.95,50.89,51.31,46.0424,2167688
2018-03-01,50.65,50.87,49.15,50.48,45.2976,3405552
2018-03-02,47.85,53.23,47.46,53.04,47.9462,4985294
2018-03-05,52.9,53.18,51.74,51.9,46.9157,2988274
2018-03-06,50.99,52.51,50.81,52.49,47.4491,3286235
2018-03-07,52.19,52.33,50.64,51.05,46.1474,2268846
2018-03-08,51.42,51.52,49.95,50.13,45.3157,2456820
2018-03-09,50.43,50.759,49.38,49.99,45.1892,2148364
2018-03-12,49.91,50.31,49.38,49.85,45.0626,1401232
2018-03-13,50,50.97,49.89,50.33,45.4965,1203484
2018-03-14,50.35,50.61,49.35,49.48,44.7281,1411446
2018-03-15,49.46,49.56,48.725,48.92,44.2219,2321836
2018-03-16,48.81,49.84,48.77,49.32,44.5835,1958655
2018-03-19,49.34,49.77,49,49.36,44.6197,1066583
2018-03-20,49.59,49.68,48.84,49.35,44.6106,1150717
2018-03-21,48.2,48.4,47.32,47.7,43.1191,3537751
2018-03-22,47.36,48.12,46.83,46.87,42.3688,1358051
2018-03-23,46.99,47.56,46.25,46.36,41.9078,1896538
2018-03-26,46.89,47.48,46.6435,47.13,42.6038,1407638
2018-03-27,47.08,48.47,46.91,47.37,42.8208,1869987
2018-03-28,47.41,49.11,47.27,47.9,43.2999,1170382
2018-03-29,48.11,48.98,47.94,48.41,43.7609,1158087
2018-04-02,48.29,48.95,46.71,47.53,42.9654,2278709
2018-04-03,47.64,48.22,47.52,48.2,43.5711,1119497
2018-04-04,47.59,49.5,47.56,49.42,44.6739,1174186
2018-04-05,49.55,50.14,49.17,50.07,45.2615,764123
2018-04-06,49.65,49.95,47.65,48.03,43.4174,1308994
2018-04-09,48.37,48.73,47.58,48.03,43.4174,1643128
2018-04-10,48.57,49.67,48.54,49.47,44.7191,1485590
2018-04-11,49.04,49.82,48.88,49.01,44.3033,940279
2018-04-12,49.02,49.42,48.1,48.37,43.7247,1106735
2018-04-13,48.64,48.78,47.15,47.39,42.8389,1537156
2018-04-16,47.66,48.0515,47,47.85,43.2547,1348643
2018-04-17,48.25,48.34,47.07,47.15,42.6219,1386498
2018-04-18,47.39,48.12,47.23,47.28,42.7394,1022079
2018-04-19,47.06,47.1099,45.81,46.72,42.2332,1653073
2018-04-20,46.76,47.87,46.53,46.78,42.2874,1327690
2018-04-23,46.82,48.24,46.72,48.15,43.5259,1446801
2018-04-24,48.17,48.8,47.62,47.89,43.2908,1475487
2018-04-25,47.8,48.81,47.28,48.73,44.0502,1372434
2018-04-26,48.6,49.76,48.37,49.68,44.9089,1690663
2018-04-27,49.52,51.62,49.51,51.6,46.6445,2404670
2018-04-30,51.71,52.14,50.53,50.56,45.7044,2376914
2018-05-01,49.9,51.1,49.46,50.17,45.3519,1349953
2018-05-02,49.99,50.48,49.27,50.2,45.379,1195285
2018-05-03,50.04,50.09,49.23,49.28,44.5473,2264447
2018-05-04,49.11,49.69,48.57,49.49,44.7372,1044004
2018-05-07,49.74,49.74,47.99,48.52,43.8603,1075527
2018-05-08,48.46,48.815,48.05,48.4,43.7519,1181868
2018-05-09,48.5,49.42,47.99,49.27,44.5383,1876781
2018-05-10,48.85,48.89,47.56,48.58,43.9146,1680977
2018-05-11,48.24,49.16,47.96,48.8,44.1134,925052
2018-05-14,49,49.45,48.75,49.32,44.5835,2139463
2018-05-15,49.12,50.04,48.68,49.86,45.0716,1551848
2018-05-16,51.06,51.56,49.55,51.05,46.1474,3042089
2018-05-17,50.64,51.87,50.51,50.91,46.3568,5173476
2018-05-18,46.83,47.2,45.35,45.36,41.3032,11422390
2018-05-21,45.73,46.36,45.25,45.84,41.7402,3733930
2018-05-22,46.06,46.5499,45.61,45.77,41.6765,3483906
2018-05-23,46.32,47.735,46.18,47.62,43.361,3086159
2018-05-24,47.53,49.26,47.52,48.74,44.3809,3065895
2018-05-25,48.53,49.38,48.09,48.93,44.5539,2491932
2018-05-29,48.69,49.15,48.6,48.96,44.5812,1645785
2018-05-30,49.17,49.68,48.77,49,44.6176,1603466
2018-05-31,48.8,49.4,48.31,49.03,44.6449,2224281
2018-06-01,49.08,50.08,49.08,49.59,45.1548,1332419
2018-06-04,49.83,51.01,49.7419,50.95,46.3932,1861808
2018-06-05,51,52.03,50.79,51.74,47.1126,2844599
2018-06-06,51.69,51.99,51.27,51.84,47.2036,1724726
2018-06-07,52,53.41,51.41,52.19,47.5223,2463365
2018-06-08,51.91,52.55,51.55,52.47,47.7773,1624831
2018-06-11,52.5,53.075,52.17,52.26,47.586,1905144
2018-06-12,52.38,53.36,52.06,52.93,48.1961,2106491
2018-06-13,53.15,53.25,51.44,51.49,46.8849,2018549
2018-06-14,51.37,51.37,49.735,49.87,45.4098,3028676
2018-06-15,49.77,50.53,49.41,50.49,45.9744,2391375
2018-06-18,50.35,51.63,50.2607,51.6,46.9851,1780026
2018-06-19,51.04,51.59,50.82,51.18,46.6026,1728763
2018-06-20,51.49,51.91,51.04,51.83,47.1945,1097295
2018-06-21,52.25,52.98,51.98,52.78,48.0595,2067084
2018-06-22,53,53.05,51.34,51.43,46.8303,2070484
2018-06-25,51.17,51.67,50.67,50.9,46.3477,1729528
2018-06-26,51.09,51.66,50.35,51.57,46.9578,2111656
2018-06-27,51.41,52.2,51.22,51.33,46.7392,1737932
2018-06-28,51.24,52.555,51.03,52.38,47.6953,1302621
2018-06-29,52.68,52.81,51.7,51.78,47.149,1525115
2018-07-02,50,50.71,49.13,50.71,46.1747,2246281
2018-07-03,50.81,51.83,50.78,51.38,46.7848,927720
2018-07-05,51.88,53.17,51.68,53.12,48.3691,3729008
2018-07-06,53.01,54.09,52.885,53.95,49.1249,3272389
2018-07-09,54,54.11,52.37,53.52,48.7334,4130129
2018-07-10,52,52.43,50.31,52.09,47.4313,7675702
2018-07-11,52.03,53.55,51.63,53.42,48.6423,3057622
2018-07-12,53.55,53.69,52.44,53.39,48.615,3253286
2018-07-13,53.25,53.86,52.02,52.18,47.5132,2312595
2018-07-16,52.24,52.76,51.72,52.43,47.7408,1282461
2018-07-17,52.25,52.7,51.66,52.31,47.6316,1338044
2018-07-18,52.4,53.18,52.31,53.06,48.3145,1314801
2018-07-19,53,54.09,52.99,54.03,49.1977,1164600
2018-07-20,53.76,54.61,52.52,52.59,47.8865,4550330
2018-07-23,52.48,53.49,52.41,53.1,48.3509,1705601
2018-07-24,53.16,53.285,52.33,52.52,47.8228,1445951
2018-07-25,52.79,53.425,52.67,53.41,48.6332,1429631
2018-07-26,53.55,54.28,52.76,52.83,48.1051,1181716
2018-07-27,52.93,53.28,51.81,51.97,47.322,1271595
2018-07-30,51.89,52.805,51.89,52.49,47.7955,1247966
2018-07-31,52.82,53.1,52.09,52.41,47.7226,1428620
2018-08-01,51.99,52.23,50.16,50.26,45.7649,1985465
2018-08-02,50.19,50.98,49.88,50.75,46.2111,2235347
2018-08-03,50.96,51.47,49.97,50.58,46.0563,2203378
2018-08-06,50.24,51.08,50.19,50.93,46.375,1746599
2018-08-07,50.79,51.35,50.06,50.99,46.4296,2951095
2018-08-08,50.68,51.63,50.67,51.57,46.9578,1597475
2018-08-09,51.7,52.6724,51.53,52.55,47.8501,1891001
2018-08-10,52.26,53.3,52.06,52.58,47.8774,2211920
2018-08-13,52.7,53.3,52.55,52.95,48.2143,1791985
2018-08-14,53.38,54.97,53.31,54.88,49.9717,2883826
2018-08-15,54.02,54.08,51.48,51.86,47.2218,3668462
2018-08-16,52.11,52.64,50.9308,52.28,47.6043,5690019
2018-08-17,55.65,59.25,55.27,59.18,53.8871,17078480
2018-08-20,59.39,61.73,59.07,61.56,56.0543,9038571
2018-08-21,61.73,62.05,60.49,61.35,55.8631,4429914
2018-08-22,61.56,61.98,60.51,60.57,55.1528,2184573
2018-08-23,60.79,62.18,60.41,62,56.4549,2685105
2018-08-24,61.77,62.74,61.575,62.06,56.5096,5099065
2018-08-27,61.99,61.99,60.3,60.59,55.171,2528917
2018-08-28,60.77,62.35,60.61,61.99,56.4458,2334514
2018-08-29,61.71,61.75,59.92,61.38,55.8904,2899794
2018-08-30,60.89,62.28,60.89,62.25,56.6826,2060729
2018-08-31,61.79,63.03,61.68,62.85,57.5711,2708029
2018-09-04,63.37,65.06,63.3,65.02,59.5588,3321205
2018-09-05,64.99,65.78,64.07,64.83,59.3848,5209989
2018-09-06,65.16,66.3,64.9495,65.11,59.6413,2459603
2018-09-07,64.97,66.335,64.52,65.72,60.2,2317796
2018-09-10,65.98,66.273,65.23,65.49,59.9894,2029065
2018-09-11,65.31,66.1,65.2,65.66,60.1451,1846059
2018-09-12,65.75,66.01,65.09,65.84,60.31,1198253
2018-09-13,65.73,66.09,65.14,65.48,59.9802,1445460
2018-09-14,65.58,65.58,64.31,65.5,59.9985,1818897
2018-09-17,65.4,65.4625,63.78,64.1,58.7161,1606169
2018-09-18,64.16,64.78,63.93,64.06,58.6795,1444218
2018-09-19,64.14,64.73,63.5701,64.14,58.7528,1311653
2018-09-20,63.75,63.78,60.72,61.03,55.904,4148074
2018-09-21,61.16,62.02,60.17,60.34,55.2719,3465061
2018-09-24,60.33,60.86,59.66,59.99,54.9513,1702150
2018-09-25,60.36,60.68,59.47,59.74,54.7223,2559752
2018-09-26,59.83,61.38,59.75,60.38,55.3086,1797200
2018-09-27,60.18,60.57,59.83,60.02,54.9788,1477393
2018-09-28,60.14,60.63,59.535,59.81,54.7864,1691771
2018-10-01,60.03,61.12,59.81,60.63,55.5376,2084944
2018-10-02,60.68,60.92,58.5,58.54,53.6231,1709814
2018-10-03,58.75,59.52,58.31,59.28,54.301,1844364
2018-10-04,59.01,59.97,58.93,59.33,54.3468,2914817
2018-10-05,59.53,60.845,59.25,60.26,55.1986,2958710
2018-10-08,59.99,62.11,59.86,61.92,56.7192,2665947
2018-10-09,61.496,62.49,60.83,61.4,56.2429,2324390
2018-10-10,61.53,62.59,60.88,60.98,55.8582,1886105
2018-10-11,60.87,61.82,59.25,59.29,54.3101,1950099
2018-10-12,60.02,61.66,59.76,61.49,56.3253,2219259
2018-10-15,61.79,62.29,61.25,61.88,56.6826,1547870
2018-10-16,62.08,62.68,61.31,62.56,57.3055,1287834
2018-10-17,62.11,62.61,59.87,60.41,55.336,1656393
2018-10-18,60.3,60.96,59.64,60.11,55.0612,1305494
2018-10-19,59.93,60.54,58.93,59.44,54.4475,1656360
2018-10-22,59.73,60.98,59.73,60.52,55.4368,2210315
2018-10-23,59.87,60.45,58.23,60.13,55.0796,1266779
2018-10-24,59.96,62,59.1,59.28,54.301,3661021
2018-10-25,59.39,61.8,59.34,61.5,56.3345,2195408
2018-10-26,61.24,62.29,60.16,61.12,55.9864,2560826
2018-10-29,61.87,64.74,61.8462,62.59,57.3329,3906596
2018-10-30,63.3,67.06,63.29,66.9,61.2809,3762021
2018-10-31,66.93,67.7,65.66,65.77,60.2458,5104474
2018-11-01,65.6,66.39,64.5,65.49,59.9894,2603883
2018-11-02,66.43,67.67,65.68,66.49,60.9054,1891237
2018-11-05,66.54,67.45,65.14,67.35,61.6931,1770209
2018-11-06,66.87,67.745,66.55,67.46,61.7939,1778945
2018-11-07,67.53,67.65,64.59,66.44,60.8596,3010811
2018-11-08,65,67.2,65,66.54,60.9512,1814520
2018-11-09,66.32,66.35,65.08,65.46,59.9619,1584413
2018-11-12,66.03,66.6,64.22,64.3,58.8993,1897930
2018-11-13,65.1,65.13,63.73,63.91,58.5421,2722349
2018-11-14,63.91,65.24,60.81,61.1,55.9681,3427686
2018-11-15,59.9,60.25,58.25,58.99,54.0353,4892730
2018-11-16,52.6,52.6,49.8301,50.93,46.6523,12772020
2018-11-19,51.2,51.89,50.28,51.26,46.9546,4402080
2018-11-20,49.11,51.76,48.27,50.99,46.7073,4074205
2018-11-21,51.18,52.6794,51.18,52.33,47.9347,3275492
2018-11-23,51.68,52.47,51.36,51.54,47.5472,1711619
2018-11-26,51.92,52.89,51.69,52.29,48.2391,3710445
2018-11-27,52.29,53.15,52.13,52.99,48.8849,2406004
2018-11-28,53.19,54.55,52.9,54.48,50.2595,2635248
2018-11-29,54.38,54.65,51.92,52.3,48.2484,3852508
2018-11-30,51.98,53.54,51.94,52.87,48.7742,3681041
2018-12-03,53.38,53.77,51.935,53.15,49.0325,2689336
2018-12-04,53.04,53.35,50.37,50.82,46.883,4275515
2018-12-06,50.31,50.91,49.29,50.69,46.7631,3493490
2018-12-07,50.74,51.14,49,49.36,45.5361,2758495
2018-12-10,49.57,49.67,47.8324,49.04,45.2409,2453651
2018-12-11,49.5,50.3,48.52,49.04,45.2409,2133556
2018-12-12,49.64,50.66,49.26,50.17,46.2834,3000972
2018-12-13,49.97,50.43,48.41,48.97,45.1763,2577215
2018-12-14,48.84,49.98,48.37,48.61,44.8442,2426153
2018-12-17,48.38,48.77,47.4442,47.66,43.9678,2454641
2018-12-18,47.99,48.81,47.68,48.31,44.5675,2889343
2018-12-19,48.29,48.78,46.66,46.8,43.1744,2453570
2018-12-20,46.56,47.07,45.44,46.13,42.5563,3164476
2018-12-21,46.26,46.96,44.23,44.32,40.8866,3989089
2018-12-24,44.08,44.95,43.7,44.19,40.7666,2869730
2018-12-26,44.7,46.94,44.7,46.75,43.1283,4339793
2018-12-27,46.09,46.67,44.9099,46.66,43.0453,2415167
2018-12-28,46.84,46.89,45.66,46.05,42.4825,2261408
2018-12-31,46.12,47.1,45.55,46.61,42.9992,1972033
2019-01-02,45.96,48.1,45.67,47.48,43.8018,2768363
2019-01-03,47.24,48.11,46.59,47,43.3589,2919676
2019-01-04,47.48,47.69,46.67,46.97,43.3313,2849645
2019-01-07,46.74,48.91,46.65,48.16,44.4291,2384699
2019-01-08,49.43,49.98,47.86,49.02,45.2225,2424850
2019-01-09,48.91,49.96,48.21,49.29,45.4715,3078253
2019-01-10,45.81,47.34,44.6,47.3,43.6357,4228139
2019-01-11,47.21,48.77,46.84,47.38,43.7095,3632774
2019-01-14,47.19,47.85,46.94,47.28,43.6173,1801272
2019-01-15,47.07,47.56,46.98,47.26,43.5988,1987123
2019-01-16,43.26,45.065,43.04,45.01,41.5231,10653140
2019-01-17,44.83,46.08,44.77,45.88,42.3257,3466353
2019-01-18,46.27,47.87,46.27,47.52,43.8387,4108821
2019-01-22,47.26,47.83,46.78,47.07,43.4235,2321631
2019-01-23,47.16,47.16,45.9,46.63,43.0176,2146438
2019-01-24,46.54,46.74,45.6,46.72,43.1006,2472625
2019-01-25,47,47.65,46.73,47.08,43.4328,2600825
2019-01-28,46.65,46.73,45.69,46.06,42.4918,3727518
2019-01-29,45.96,46.09,45.24,45.92,42.3626,3354944
2019-01-30,46,46.35,45.25,45.38,41.8644,3083251
2019-01-31,45.23,46.45,44.96,46.41,42.8147,4779994
2019-02-01,46.48,46.8,45.2,45.33,41.8183,3870225
2019-02-04,45.49,46,45.02,45.82,42.2704,1948609
2019-02-05,46.25,46.79,45.96,46.62,43.0084,2081531
2019-02-06,46.31,46.73,45.82,46.11,42.5379,1820764
2019-02-07,46.15,46.65,45.81,46.41,42.8147,2530848
2019-02-08,46.22,46.3675,45.375,45.47,41.9475,2343781
2019-02-11,45.56,45.6029,45.03,45.36,41.846,3317893
2019-02-12,45.5,46.35,45.21,45.75,42.2058,2288374
2019-02-13,45.58,45.58,43.72,44.61,41.1541,5568241
2019-02-14,44.04,44.69,43.5,43.9,40.4991,5066612
2019-02-15,44.33,44.84,44.22,44.44,40.9973,3501056
2019-02-19,44.51,45.45,44.11,45.25,41.7445,2838441
2019-02-20,45.25,45.8,44.8801,45,41.5139,2360641
2019-02-21,45.01,45.365,44.35,44.49,41.0434,2410309
2019-02-22,43.5,44.04,43.15,44.04,40.6283,3661015
2019-02-25,44.39,45.35,44.3021,44.81,41.3386,4357387
2019-02-26,45.06,46.6,44.92,45.59,42.0582,3816772
2019-02-27,45.59,47.28,45.46,47.26,43.5988,4847619
2019-02-28,47.59,47.65,46.495,47.28,43.6173,6315286
2019-03-01,48.43,48.87,45.57,46.78,43.156,6013201
2019-03-04,46.87,46.9263,45.37,45.47,41.9475,3688052
2019-03-05,45.86,45.98,44.74,45.33,41.8183,3149739
2019-03-06,45.55,45.98,44.66,44.72,41.2556,2383778
2019-03-07,44.5,44.99,43.62,44.75,41.2833,2757894
2019-03-08,44.3,44.3,43.56,43.88,40.8181,1939864
2019-03-11,43.86,44.55,43.72,44.33,41.2367,1879516
2019-03-12,44.44,44.46,43.82,44.43,41.3298,1930012
2019-03-13,44.36,44.86,43.99,44.47,41.367,2237133
2019-03-14,44.21,44.55,43.92,44.46,41.3577,2530747
2019-03-15,44.47,44.54,43.275,43.74,40.6879,3020404
2019-03-18,43.91,44.22,43.61,44.19,41.1065,2879497
2019-03-19,44.39,44.95,44.01,44.56,41.4507,2087869
2019-03-20,44.55,44.64,43.36,43.45,40.4181,2661779
2019-03-21,42.67,43.815,42.54,43.76,40.7065,4499593
2019-03-22,43.63,43.88,42.82,42.93,39.9344,3468979
2019-03-25,42.79,44.29,42.75,43.54,40.5019,2161150
2019-03-26,44,44.59,43.57,43.73,40.6786,2419433
2019-03-27,43.73,44.73,43.66,44.65,41.5344,2350600
2019-03-28,44.98,45.92,44.28,44.32,41.2274,3698866
2019-03-29,44.52,44.68,43.97,44.38,41.2833,2137515
2019-04-01,44.31,44.96,43.88,44.9,41.767,3015192
2019-04-02,44.95,44.99,43.88,43.94,40.874,3105833
2019-04-03,44.25,44.67,44.09,44.37,41.274,2026375
2019-04-04,44.62,45.56,44.41,45.55,42.3716,2386047
2019-04-05,45.67,46.2,45.45,45.64,42.4553,3381790
2019-04-08,45.53,46.03,44.985,45.07,41.9251,1620528
2019-04-09,44.76,44.8625,44.11,44.17,41.0879,1886610
2019-04-10,45,46,44.29,44.94,41.8042,3670242
2019-04-11,45.16,45.69,43.444,43.86,40.7995,3634215
2019-04-12,43.95,44.26,43.47,43.83,40.7716,2358035
2019-04-15,43.98,44.04,43.18,43.25,40.2321,3251677
2019-04-16,43.38,43.49,43.25,43.47,40.4368,4309464
2019-04-17,43.59,44.18,43.33,43.83,40.7716,3163816
2019-04-18,43.95,44.35,43.65,43.86,40.7995,1894430
2019-04-22,43.67,43.75,42.01,42.15,39.2089,2886154
2019-04-23,42.35,42.52,41.21,41.78,38.8647,3587439
2019-04-24,41.77,42.5,41.77,42,39.0693,1842978
2019-04-25,41.82,41.975,40.71,41.05,38.1856,2751370
2019-04-26,40.77,41.39,40.12,41.39,38.5019,2434345
2019-04-29,41.25,41.63,40.71,40.82,37.9717,2387885
2019-04-30,40.86,41.13,40.45,41.02,38.1577,4058242
2019-05-01,40.96,40.99,40.34,40.35,37.5345,1836526
2019-05-02,40.51,41.04,40.3031,40.47,37.6461,2720963
2019-05-03,40.56,40.688,40,40.29,37.4786,2412576
2019-05-06,39.93,40.67,39.5,40.62,37.7856,2841088
2019-05-07,40.59,40.62,39.2,39.37,36.6228,3137117
2019-05-08,39.02,40.35,38.91,39.93,37.1438,2620412
2019-05-09,39.12,39.98,39.095,39.8,37.0228,3211339
2019-05-10,39.36,39.56,38.76,39.37,36.6228,2421987
2019-05-13,39.04,39.1195,37.41,37.6,34.9763,3278225
2019-05-14,37.97,38.49,37.045,38.05,35.3949,3079328
2019-05-15,37.75,38.1,37.02,37.43,34.8182,4062876
2019-05-16,37.59,37.85,36.9,36.93,34.3531,2862229
2019-05-17,36.6,37.7,36.37,37.09,34.5019,2422362
2019-05-20,37.48,37.8,36.95,37.46,34.8461,4396027
2019-05-21,37,38.19,36.77,37.85,35.2089,9394056
2019-05-22,34.28,35.21,33.75,34.35,31.9531,15979500
2019-05-23,34.11,34.8099,33.67,33.81,31.4508,4992281
2019-05-24,33.96,34.0243,33.252,33.5,31.1624,4390998
2019-05-28,33.58,33.96,32.965,32.98,30.6787,4109227
2019-05-29,32.78,33.039,32.27,32.42,30.1578,3499887
2019-05-30,32.4,32.93,32.36,32.47,30.2043,3375756
2019-05-31,32,32,30.91,31.3,29.4516,6560165
2019-06-03,31.22,32.43,31.15,32.1,30.2043,4044688
2019-06-04,32.32,33.18,32.21,32.91,30.9665,3624852
2019-06-05,33.14,33.32,31.835,31.96,30.0726,2673108
2019-06-06,31.71,31.8701,30.55,31.05,29.2163,6394753
2019-06-07,31.08,31.73,30.92,31.67,29.7997,3103889
2019-06-10,31.91,32.8,31.88,32.54,30.6183,5190270
2019-06-11,32.59,33.17,32.35,32.83,30.8912,4183929
2019-06-12,32.82,33.01,32.01,32.14,30.2419,2323734
2019-06-13,32.17,32.71,31.84,32.66,30.7312,2259514
2019-06-14,32.59,32.67,32.08,32.61,30.6842,2504302
2019-06-17,32.48,33.115,32.3,32.47,30.5525,2825477
2019-06-18,32.4,32.93,31.98,32.13,30.2325,2445383
2019-06-19,32.25,33.39,31.71,33.17,31.2111,8223211
2019-06-20,33.74,33.87,32.7,33.21,31.2488,5427166
2019-06-21,33.31,33.76,32.74,33.4,31.4275,4827590
2019-06-24,33.22,33.22,32.5,32.68,30.7501,3082170
2019-06-25,32.78,32.83,32.31,32.77,30.8347,2922030
2019-06-26,32.69,32.93,32.18,32.2,30.2984,3654743
2019-06-27,31.35,31.85,31.09,31.45,29.5927,5500057
2019-06-28,31.55,32.16,31.47,31.86,29.9785,3449072
2019-07-01,32.17,32.8,31.15,31.49,29.6303,4936575
2019-07-02,31.15,31.2,30.69,30.95,29.1222,4516575
2019-07-03,30.97,31.37,30.82,31.25,29.4045,3201929
2019-07-05,31.3,32.14,31.12,31.98,30.0914,2602701
2019-07-08,31.9,32.29,31.5139,31.82,29.9408,2930781
2019-07-09,31.71,31.85,30.91,30.92,29.094,4644844
2019-07-10,31.06,31.06,30.28,30.33,28.5388,3831312
2019-07-11,30.35,30.7684,30.14,30.57,28.7647,2178124
2019-07-12,30.71,31.485,30.57,31.36,29.508,2730517
2019-07-15,31.37,31.795,30.95,31.15,29.3104,3023776
2019-07-16,31.17,31.43,30.99,31.01,29.1787,3224310
2019-07-17,30.99,31.08,29.77,29.78,28.0213,4965654
2019-07-18,29.74,29.75,29.265,29.37,27.6355,3512624
2019-07-19,29.43,29.96,29.4,29.72,27.9649,2776207
2019-07-22,29.77,30.03,28.5501,28.76,27.0616,5581191
2019-07-23,28.91,29.12,28.225,29.07,27.3532,5206677
2019-07-24,29.12,30.157,29.12,30.02,28.2471,4587965
2019-07-25,29.95,30.31,29.71,30.31,28.52,4579563
2019-07-26,30.54,30.54,29.82,30.5,28.6988,3001491
2019-07-29,30.4,31.035,30.18,30.94,29.1128,4302840
2019-07-30,30.89,31.02,30.32,30.69,28.8776,3450087
2019-07-31,30.54,33.92,30.54,33.11,31.1547,12052960
2019-08-01,33.16,33.3033,30.5,30.83,29.0093,8022405
2019-08-02,31,31.3552,30.595,30.79,28.9717,3425350
2019-08-05,30.31,30.35,29.49,30.2,28.4165,5563474
2019-08-06,30.26,30.65,29.83,30.55,28.7458,2371519
2019-08-07,30.18,30.6,29.79,30.15,28.3695,4031126
2019-08-08,30.11,30.78,29.8,30.13,28.3506,2598539
2019-08-09,29.99,30.16,29.25,29.3,27.5697,3865050
2019-08-12,29.03,29.08,28.085,28.6,26.911,3740474
2019-08-13,28.46,30.41,28.02,29.12,27.4003,4288763
2019-08-14,27.73,27.85,25.88,26.02,24.4834,9845371
2019-08-15,26.09,26.1469,25.01,25.35,23.8529,6513199
2019-08-16,25.46,25.9899,25.275,25.32,23.8247,4785725
2019-08-19,25.64,26.32,25.44,26.1,24.5586,5281535
2019-08-20,26.2,26.34,25.07,25.15,23.6647,5827998
2019-08-21,25.56,26.66,25.35,26.54,24.9727,12856250
2019-08-22,29,31.11,28.55,30.75,28.934,28946131
2019-08-23,30.5,30.9,28.48,28.57,26.8828,9612713
2019-08-26,28.78,29.09,27.791,28.85,27.1462,8451643
2019-08-27,29.07,29.21,27.82,27.89,26.2429,7822828
2019-08-28,27.9,29.09,27.86,28.7,27.0051,4704876
2019-08-29,28.53,29.34,28.53,29.13,27.7677,4722264
2019-08-30,29.2,29.7403,28.74,28.97,27.6152,3270735
2019-09-03,28.72,28.84,27.9044,28.38,27.0528,3924936
2019-09-04,28.71,29.72,28.51,29.51,28.1299,3928177
2019-09-05,29.96,31.97,29.9,31.07,29.617,6618189
2019-09-06,31.12,31.66,30.64,31.07,29.617,5305685
2019-09-09,31.09,32.94,30.98,32.77,31.2375,6469131
2019-09-10,32.55,34.28,32.26,34.24,32.6387,7036710
2019-09-11,34.41,35.095,33.12,35.05,33.4108,5187338
2019-09-12,34.65,35.61,33.82,34.62,33.0009,6178777
2019-09-13,34.96,35.63,34.4229,34.8,33.1725,4534223
2019-09-16,34.29,35.58,34.22,35.57,33.9065,4268970
2019-09-17,35.21,35.38,31.84,32.1,30.5988,10489370
2019-09-18,32.16,32.794,32.09,32.59,31.0659,3925941
2019-09-19,32.7,32.88,32.02,32.15,30.6465,2734474
2019-09-20,32.24,33.33,32.08,32.15,30.6465,4523203
2019-09-23,31.8,32.93,31.3514,32.35,30.8371,2643250
2019-09-24,32.6,32.95,31.48,32.05,30.5511,2500610
2019-09-25,32.08,32.86,31.855,32.24,30.7322,2968235
2019-09-26,32.28,32.45,31.89,32.19,30.6846,1901728
2019-09-27,32.45,33.07,32.3,32.89,31.3518,2290509
2019-09-30,32.87,33.77,32.75,33.67,32.0954,2321993
2019-10-01,33.76,34.14,33.075,33.48,31.9143,3235569
2019-10-02,33.27,33.32,31.69,31.84,30.3509,3462053
2019-10-03,31.69,32.4,30.92,32.14,30.6369,2994485
2019-10-04,32.05,32.56,31.73,32.49,30.9705,2688386
2019-10-07,32.52,33.32,32.42,33.07,31.5234,2233532
2019-10-08,32.47,33.42,31.83,32.96,31.4186,4402055
2019-10-09,33.23,33.41,33.01,33.1,31.552,1957343
2019-10-10,33.23,34,33.06,33.76,32.1812,1598477
2019-10-11,34.13,35.425,34,34.98,33.3441,3431755
2019-10-14,34.92,34.96,34.03,34.68,33.0581,2452852
2019-10-15,34.74,35.63,34.37,35.48,33.8207,2225363
2019-10-16,35.08,35.82,34.6325,34.86,33.2297,2111912
2019-10-17,35.12,35.21,34.55,35.04,33.4013,1699684
2019-10-18,34,34.955,33.87,34.58,32.9628,2669726
2019-10-21,35.2,35.83,35.01,35.71,34.04,2325491
2019-10-22,35.72,37.02,35.15,36.93,35.2029,3029735
2019-10-23,37.13,37.47,36.43,36.65,34.936,2545490
2019-10-24,36.73,36.79,35.69,36.28,34.5833,2281405
2019-10-25,35.87,37.81,35.87,37.23,35.4889,3171121
2019-10-28,37.5,38.18,37.4341,38.04,36.261,2811190
2019-10-29,37.58,38,36.92,37.11,35.3745,2096677
2019-10-30,35.98,36.4463,34.68,35.21,33.5633,3300268
2019-10-31,34.95,35.93,34.4679,35.9,34.2211,2975295
2019-11-01,36.21,36.91,36.03,36.69,34.9741,1726134
2019-11-04,37.12,37.49,36.51,36.8,35.079,2201574
2019-11-05,37.19,37.83,36.455,36.49,34.7835,3277102
2019-11-06,36.5,36.815,35.71,36.73,35.0123,2195047
2019-11-07,37.42,37.57,36.95,37.13,35.3936,1517424
2019-11-08,36.91,36.98,36.04,36.65,34.936,2400086
2019-11-11,36.44,37.44,36.11,37.43,35.6795,2306433
2019-11-12,36.8,37.85,36.1,36.9,35.1743,4270729
2019-11-13,36.58,37.52,36.442,37.18,35.4412,3991614
2019-11-14,37.12,38,37.12,37.82,36.0513,2140966
2019-11-15,37.99,38.275,36.97,38.04,36.261,2995670
2019-11-18,37.9,38.16,37.26,37.87,36.0989,3040292
2019-11-19,35.98,36.53,34.62,35.5,33.8398,5458207
2019-11-20,35.11,35.19,33.68,33.95,32.3623,5608664
2019-11-21,32.97,34.79,32.71,34.32,32.715,9447095
2019-11-22,37.05,38.47,36.41,37.95,36.1752,19719949
2019-11-25,38.46,38.66,37.45,38.36,36.566,5804914
2019-11-26,38.18,38.71,37.725,38.18,36.3944,6112468
2019-11-27,37.97,38.55,37.67,38.32,36.8854,2898109
2019-11-29,38.3,38.3,37.7,38.17,36.741,1549420
2019-12-02,38.25,38.34,37.5,37.54,36.1346,2562031
2019-12-03,36.83,37.13,36.22,36.6,35.2297,2385168
2019-12-04,36.9,37.8,36.73,37.68,36.2693,2549117
2019-12-05,38,38.41,37.36,37.41,36.0094,2543625
2019-12-06,37.79,38.5298,37.52,37.56,36.1538,1848919
2019-12-09,37.55,39.34,37.44,38.91,37.4533,3498797
2019-12-10,38.76,39.1,38.23,39.03,37.5688,2514925
2019-12-11,39,39.09,38.58,38.83,37.3763,1952048
2019-12-12,39,39.79,38.78,39.69,38.2041,2442220
2019-12-13,39.8,39.8,38.11,38.38,36.9431,2774545
2019-12-16,38.68,39.19,38.3,38.86,37.4051,3006763
2019-12-17,38.75,39.52,38.55,39.29,37.819,1600411
2019-12-18,39.8,40.763,39.51,40.48,38.9645,4035528
2019-12-19,40.26,40.78,39.9497,40.74,39.2148,4520096
2019-12-20,40.89,41.33,40.36,40.66,39.1377,4559248
2019-12-23,40.78,41.09,40.19,40.73,39.2051,2042765
2019-12-24,40.84,41.07,40.31,40.42,38.9067,782247
2019-12-26,40.59,41.17,40.42,41.15,39.6094,1274430
2019-12-27,41.26,41.49,40.74,40.9,39.3688,1289194
2019-12-30,40.99,41.23,40.51,40.66,39.1377,1880507
2019-12-31,40.5,41.04,40.5,40.93,39.3976,1671184
2020-01-02,41.08,41.19,39.87,40.11,38.6083,3522434
2020-01-03,39.41,40.8,39.32,39.88,38.3869,3154107
2020-01-06,40.75,41.23,40.18,40.98,39.4458,3721298
2020-01-07,41.54,43.37,41.465,41.99,40.418,5220120
2020-01-08,42.25,42.96,41.63,42.14,40.5623,2783191
2020-01-09,41.59,42.65,41.34,42.2,40.6201,3553825
2020-01-10,41.92,42.36,41.65,41.75,40.1869,2088817
2020-01-13,41.65,42.02,40.97,41.67,40.1099,2107207
2020-01-14,41.73,41.99,41.19,41.5,39.9463,2332846
2020-01-15,41.18,41.39,40.385,40.41,38.8971,3478036
2020-01-16,40.49,41.06,40.16,40.49,38.9741,2028138
2020-01-17,40.53,40.65,40.22,40.34,38.8297,3300458
2020-01-21,40.29,40.36,39.27,39.69,38.2041,2781666
2020-01-22,39.8,40.49,39.78,39.88,38.3869,1442495
2020-01-23,39.58,39.654,38.88,39.34,37.8672,2543208
2020-01-24,39.47,39.47,38.56,38.67,37.2223,2130651
2020-01-27,37.92,38.56,37.65,38.28,36.8469,2665892
2020-01-28,38.63,38.66,37.87,38.51,37.0682,2207998
2020-01-29,38.73,39.41,38.52,38.52,37.0779,1651909
2020-01-30,37.89,38.82,37.76,38.67,37.2223,2026625
2020-01-31,38.6,38.66,36.525,36.86,35.48,4457128
2020-02-03,37,38.12,36.76,37.52,36.1153,2022601
2020-02-04,38.12,38.54,37.7,38.3,36.8661,2313600
2020-02-05,38.7,40.72,38.57,40.46,38.9452,3781144
2020-02-06,40.67,40.96,39.79,39.79,38.3003,1875075
2020-02-07,39.38,39.55,37.925,38.12,36.6928,1635688
2020-02-10,38,38.57,37.66,37.9,36.4811,1577878
2020-02-11,38.06,38.5,37.46,38.49,37.049,1329527
2020-02-12,38.83,39.82,38.55,39.72,38.2329,1886280
2020-02-13,39.45,39.45,38.3,39.4,37.9249,2244982
2020-02-14,39.37,40.33,39.03,40.28,38.772,1546436
2020-02-18,40.05,40.44,39.52,39.95,38.4543,2257407
2020-02-19,39.99,40.55,39.645,40.52,39.003,1746560
2020-02-20,40.5,41.31,40.27,41.08,39.542,2022330
2020-02-21,40.62,40.91,40.32,40.54,39.0222,1518326
2020-02-24,38.92,39.5899,38.76,38.97,37.511,3115157
2020-02-25,39.23,39.23,36.03,36.8,35.4223,5139579
2020-02-26,37.03,37.75,36.06,36.38,35.018,3099221
2020-02-27,35.17,36.94,34.06,35.04,33.7282,4869112
2020-02-28,34.03,35.59,33.625,34.7,33.4009,5232075
2020-03-02,34.78,34.78,33.125,34.42,33.1314,4442540
2020-03-03,34.6,35.79,33.08,33.44,32.1881,4847771
2020-03-04,31.38,33.31,31.13,32.88,31.649,13691300
2020-03-05,31.46,31.96,29.18,29.37,28.2704,6690027
2020-03-06,28.67,30.2,28.08,29.04,27.9528,4643769
2020-03-09,26.65,27.31,25.51,26.79,26.1198,5674182
2020-03-10,27.82,28.14,25.96,27.11,26.4318,5614112
2020-03-11,26.42,26.42,23.87,24.03,23.4289,7099042
2020-03-12,22.46,22.54,19.22,19.88,19.3827,8191090
2020-03-13,21.45,22.13,20.18,21.59,21.0499,8484335
2020-03-16,18.5,19.11,16.27,17.19,16.76,5521185
2020-03-17,17.15,18.74,14.06,18.72,18.2517,11378480
2020-03-18,17.27,20.3,16.61,19.76,19.2657,7752209
2020-03-19,19.34,22.26,18.39,21.25,20.7184,5616271
2020-03-20,21.35,21.73,17.6,17.86,17.4132,5974202
2020-03-23,17.72,18.07,15.07,15.61,15.2195,5534631
2020-03-24,16.72,19,16.59,18.56,18.0957,6327316
2020-03-25,18.7,19.87,16.61,18.26,17.8032,4731611
2020-03-26,18.24,19.13,16.94,17.93,17.4815,6006628
2020-03-27,16.84,16.84,15.57,16.01,15.6095,6136882
2020-03-30,15.84,16.07,15,15.78,15.3852,4721186
2020-03-31,15.7,16.57,15.07,15.34,14.9563,4600467
2020-04-01,14.5,14.55,13.07,13.29,12.9575,7272333
2020-04-02,13.21,14.56,12.76,13.18,12.8503,6423934
2020-04-03,13.14,13.375,12.27,13.05,12.7235,5436878
2020-04-06,14.18,16.47,13.91,16.2,15.7947,8926910
2020-04-07,18.89,20.94,17.56,18.04,17.5887,12243780
2020-04-08,18.38,20.35,18.25,19,18.5247,8862729
2020-04-09,20.8,21.94,20.25,21.32,20.7867,9866037
2020-04-13,21.4,21.99,19.61,20.44,19.9287,6799114
2020-04-14,21.12,22.08,19.65,20.05,19.5484,6238262
2020-04-15,18.55,18.9,17.34,18.15,17.696,6565896
2020-04-16,18.1,18.11,17.04,17.15,16.721,4225589
2020-04-17,18.75,19.35,17.8,18.8,18.3297,5562029
2020-04-20,18,18.89,17.33,17.4,16.9647,4530522
2020-04-21,16.5,17.23,16.18,16.68,16.2627,5132370
2020-04-22,17.03,17.19,15.8527,16.32,15.9117,5183640
2020-04-23,16.21,17.71,16.09,17.54,17.1012,5943419
2020-04-24,17.65,18.3301,17.21,17.84,17.3937,5659281
2020-04-27,18.1,20.56,17.84,20.27,19.7629,5847693
2020-04-28,21.24,22.06,19.73,20.62,20.1042,6973615
2020-04-29,21.65,21.84,19.9,20.38,19.8702,6626197
2020-04-30,19.79,20.22,18.45,18.78,18.3102,7203910
2020-05-01,18.05,18.32,17.28,17.66,17.2182,4470705
2020-05-04,17.03,18.08,16.61,17.86,17.4132,4080436
2020-05-05,18.55,18.7,17.21,17.34,16.9062,3992730
2020-05-06,17.6,17.6399,16.71,17.14,16.7112,3883325
2020-05-07,17.35,18.03,17.28,17.29,16.8575,3541990
2020-05-08,17.7,18.06,17.42,18.03,17.579,4060040
2020-05-11,17.75,17.75,16.82,17.12,16.6917,5043826
2020-05-12,17.41,17.98,16.16,16.16,15.7557,4446402
2020-05-13,16.04,16.09,15.16,15.5,15.1122,4474879
2020-05-14,15.02,16.45,14.24,15.61,15.2195,6009400
2020-05-15,15.3,16.98,15.0201,16.37,15.9605,7407479
2020-05-18,17.24,17.53,16.31,16.61,16.1945,7625824
2020-05-19,16.5,16.52,15.46,15.75,15.356,6816268
2020-05-20,16.12,16.1899,15,15.1,14.7223,7560474
2020-05-21,15.12,16.26,15.01,15.99,15.59,9775466
2020-05-22,16.03,16.2191,15.22,15.66,15.2682,6082315
2020-05-26,16.52,17.12,16.38,16.81,16.3895,10707560
2020-05-27,18.01,19.7,17.865,19.64,19.1487,13665960
2020-05-28,19.68,19.85,17.86,18.12,17.6667,12505670
2020-05-29,16.837,16.96,16,16.13,15.7265,25117529
2020-06-01,16.2,17.49,16.1,16.59,16.175,11368570
2020-06-02,16.85,17.89,16.28,17.78,17.3352,11738530
2020-06-03,18.2,19.7,18.2,19.43,18.9439,12095580
2020-06-04,19.25,21.55,19.1401,21.33,20.7964,12941480
2020-06-05,23.46,24.94,21.71,22.62,22.0541,13841650
2020-06-08,24.42,24.5,22.42,23.56,22.9706,9285565
2020-06-09,22.84,22.92,20.9586,21.23,20.6989,11873060
2020-06-10,21.01,21.01,19.53,19.54,19.0512,9855663
2020-06-11,17.65,18.56,17.01,17.15,16.721,15102650
2020-06-12,18.28,18.4,16.81,17.63,17.189,11214010
2020-06-15,16.66,17.61,16.43,17.27,16.838,9597080
2020-06-16,19.24,20.12,18.706,19.5,19.0122,20473900
2020-06-17,19.02,19.19,18.42,18.42,17.9592,8264364
2020-06-18,18,18.81,17.73,18.22,17.7642,6106919
2020-06-19,18.64,18.72,16.885,17.07,16.643,29596949
2020-06-22,17.01,17.65,16.84,17.21,16.7795,7819647
2020-06-23,17.2,17.33,16.79,17.2,16.7697,8965328
2020-06-24,16.89,16.95,15.66,15.97,15.5705,11382970
2020-06-25,15.55,15.94,15,15.37,14.9855,11643890
2020-06-26,15.2,15.69,14.52,14.69,14.3225,12943990
2020-06-29,14.95,15.8,14.56,15.79,15.395,9848689
2020-06-30,15.61,15.94,15.3,15.49,15.1025,6597275
2020-07-01,15.46,16.2911,15.095,15.15,14.771,10726340
2020-07-02,15.7,15.99,15.23,15.5,15.1122,6873668
2020-07-06,15.87,16.13,15.34,15.83,15.434,6096185
2020-07-07,15.56,15.725,15.02,15.24,14.8588,6866231
2020-07-08,15.17,16.12,14.85,16.08,15.6777,7466815
2020-07-09,15.92,15.92,15.1,15.29,14.9075,7184941
2020-07-10,15.12,15.96,15.02,15.76,15.3657,5732119
2020-07-13,15.99,16.05,15.18,15.35,14.966,9442796
2020-07-14,15.2,15.49,14.9,14.96,14.5858,6800274
2020-07-15,15.54,16.25,15.35,16.11,15.707,11334030
2020-07-16,15.71,16.48,15.61,15.98,15.5802,8772224
2020-07-17,15.89,15.99,15.065,15.07,14.693,6555819
2020-07-20,15.03,15.15,14.13,14.64,14.2738,10740350
2020-07-21,14.85,15.95,14.76,15.69,15.2975,10509400
2020-07-22,15.32,15.479,14.75,15.14,14.7613,10253780
2020-07-23,14.95,15.745,14.91,15.46,15.0732,7557793
2020-07-24,15.2,15.64,15.005,15.06,14.6833,4725021
2020-07-27,15,15.01,13.87,14.13,13.7765,11611670
2020-07-28,14.03,14.57,13.97,14.22,13.8643,8205943
2020-07-29,14.27,14.72,14.2,14.44,14.0788,6229756
2020-07-30,14.12,14.215,13.62,13.96,13.6108,7165322
2020-07-31,14,14.15,13.52,13.69,13.3475,7164577
2020-08-03,13.76,14.42,13.5299,14.19,13.835,8011356
2020-08-04,14.18,14.64,14.09,14.56,14.1958,9540804
2020-08-05,14.8,15.72,14.756,15.65,15.2585,12004740
2020-08-06,15.43,15.585,15.035,15.28,14.8978,7024454
2020-08-07,15.23,16.14,14.94,16,15.5997,8745284
2020-08-10,16.11,16.98,16.05,16.9,16.4772,7881888
2020-08-11,17.63,17.78,16.8,16.89,16.4675,9722093
2020-08-12,17.18,17.34,16.365,16.9,16.4772,6579504
2020-08-13,16.65,16.97,16.515,16.77,16.3505,6518639
2020-08-14,16.6,18.13,16.4,17.12,16.6917,14867700
2020-08-17,17.2,17.3094,16.61,17.13,16.7015,7813939
2020-08-18,16.34,16.48,15.195,15.45,15.0635,12224520
2020-08-19,15.31,15.855,15.185,15.4,15.0147,7211041
2020-08-20,15.13,15.37,14.75,14.77,14.4005,8848675
2020-08-21,14.88,15.0101,14.405,14.48,14.1178,7531247
2020-08-24,14.66,15.65,14.62,15.57,15.1805,10820620
2020-08-25,15.63,15.97,15.08,15.54,15.1512,12535660
2020-08-26,15.03,15.62,14.45,14.69,14.3225,21705561
2020-08-27,14.71,15.22,14.67,14.79,14.42,9539758
2020-08-28,14.88,15.69,14.72,15.68,15.2877,8540774
2020-08-31,15.67,16.21,15.45,16,15.5997,7374384
2020-09-01,15.8,15.995,15.16,15.18,14.8003,7783955
2020-09-02,15.34,15.945,15.16,15.58,15.1902,8520061
2020-09-03,15.7,16.36,15.57,15.84,15.4437,10312840
2020-09-04,16.13,16.31,15.39,16.28,15.8727,8568096
2020-09-08,16.25,16.63,15.75,16.32,15.9117,9531264
2020-09-09,16.23,16.275,15.27,15.4,15.0147,10392720
2020-09-10,15.48,15.68,14.93,14.95,14.576,10407930
2020-09-11,15,15.02,14.17,14.47,14.108,9987285
2020-09-14,14.6,15.09,14.42,15.07,14.693,8982275
2020-09-15,15.16,15.305,14.69,14.72,14.3518,8442231
2020-09-16,14.74,15.225,14.445,15.07,14.693,7234351
2020-09-17,14.93,15.14,14.75,14.94,14.5663,5765709
2020-09-18,14.95,15.08,14.47,14.48,14.1178,10753750
2020-09-21,14.09,14.14,13.21,13.24,12.9088,12487800
2020-09-22,13.33,13.345,12.735,12.97,12.6455,13037980
2020-09-23,13.09,13.4155,12.19,12.23,11.9241,12738800
2020-09-24,12.03,12.325,11.72,12.12,11.8168,11547740
2020-09-25,12.07,12.21,11.8,11.92,11.6218,9962934
2020-09-28,12.29,12.6,12.11,12.27,11.9631,7323521
2020-09-29,12.24,12.24,11.72,11.79,11.4951,9701600
2020-09-30,11.98,12.32,11.875,11.92,11.6218,11087230
2020-10-01,11.95,12.65,11.82,12.6,12.2848,10115270
2020-10-02,12.03,12.83,12,12.8,12.4798,9165124
2020-10-05,13,13.395,12.98,13.32,12.9868,7366240
2020-10-06,13.5,13.7527,12.8,12.9,12.5773,7592389
2020-10-07,13.08,13.31,12.82,13.11,12.782,9124938
2020-10-08,13.28,14.2,13.11,14.17,13.8155,10973310
2020-10-09,14.38,14.505,13.73,13.86,13.5133,10329970
2020-10-12,13.86,14.58,13.47,13.57,13.2305,10454160
2020-10-13,13.46,13.55,13.19,13.36,13.0258,5766981
2020-10-14,13.44,13.73,13.2,13.21,12.8795,5852236
2020-10-15,13,13.46,12.82,13.46,13.1233,5586517
2020-10-16,13.64,13.64,12.825,12.93,12.6065,7568251
2020-10-19,13.01,13.0251,12.14,12.17,11.8656,10202670
2020-10-20,12.31,12.605,12.26,12.31,12.002,7059459
2020-10-21,12.34,12.58,11.88,12.45,12.1385,7515655
2020-10-22,12.42,13.595,12.415,13.57,13.2305,11461490
2020-10-23,13.71,14.34,13.165,14.33,13.9715,10922750
2020-10-26,14.12,14.27,12.94,13.24,12.9088,12453050
2020-10-27,13.09,13.29,12.51,12.58,12.2653,7142633
2020-10-28,12.19,12.85,11.98,12.36,12.0508,8850723
2020-10-29,12.26,12.67,12.05,12.21,11.9046,8416062
2020-10-30,12.2,12.39,11.88,12.1,11.7973,9931677
2020-11-02,12.18,12.42,11.9585,12.18,11.8753,7512356
2020-11-03,12.33,13.57,12.3253,13.36,13.0258,11262810
2020-11-04,13.2,13.2,12.35,12.5,12.1873,11354480
2020-11-05,12.57,12.85,12.37,12.67,12.353,10420110
2020-11-06,12.65,13.27,12.48,12.84,12.5188,7820295
2020-11-09,15.97,17.07,14.95,16.16,15.7557,27212811
2020-11-10,16.05,17.85,16.05,17.73,17.2865,17571250
2020-11-11,17.29,17.56,16.01,16.22,15.8142,12702250
2020-11-12,15.71,16.175,15.32,15.69,15.2975,10576270
2020-11-13,16.04,17.53,15.79,17.31,16.877,14492570
2020-11-16,18.6,19.64,17.79,19.19,18.7099,20827850
2020-11-17,18.84,20.69,18.36,20.36,19.8507,16844221
2020-11-18,20.75,21.71,20.435,20.79,20.2699,16482779
2020-11-19,20.4,21.53,19.99,21.49,20.9524,12052600
2020-11-20,21.39,21.91,20.73,21.29,20.7574,8719327
2020-11-23,22.22,23.98,22,23.44,22.8536,15476290
2020-11-24,24.71,24.79,23.7478,24.55,23.9359,20897051
2020-11-25,25.45,29.54,24.94,27.41,26.7243,37359312
2020-11-27,27.2,27.35,26.09,26.73,26.0613,8856557
2020-11-30,26.43,26.44,25.02,25.92,25.2716,12929230
2020-12-01,26.59,27.9,26.1661,27.43,26.7438,12197490
2020-12-02,26.68,28.96,26.3,28.75,28.0308,9329048
2020-12-03,29,30.32,28.92,29.52,28.7815,10177050
2020-12-04,30,31.68,29.83,31.44,30.6535,11272740
2020-12-07,31,31.605,30.13,30.94,30.166,7447626
2020-12-08,30.58,32.368,30.46,31.52,30.7315,6314112
2020-12-09,31.995,32.47,30.97,31.87,31.0727,7756864
2020-12-10,31.3,32.05,30.69,31.78,30.985,6103773
2020-12-11,31.2,31.5,30.23,30.82,30.049,5852753
2020-12-14,31.49,31.88,29.74,29.76,29.0155,5805099
2020-12-15,29.99,31.19,29.9,31.16,30.3805,4443380
2020-12-16,31.12,31.6149,30.47,30.93,30.1562,3579937
2020-12-17,30.96,31.6273,30.75,31.47,30.6827,3647352
2020-12-18,31.3,31.48,29.92,30.12,29.3665,6637726
2020-12-21,29,30.21,28.71,29.93,29.1813,4854044
2020-12-22,30.24,30.83,29.03,29.33,28.5963,4341672
2020-12-23,29.72,31.4,29.72,30.89,30.1172,5196758
2020-12-24,30.9,30.9,29.88,30.34,29.581,2037254
2020-12-28,30.71,31.75,30.2,31.04,30.2635,4061200
2020-12-29,30.8,30.93,29.7438,30.32,29.5615,4050073
2020-12-30,30.45,31.7,30.21,31.53,30.7412,3862491
2020-12-31,31.65,32.31,31.0956,31.21,30.4292,4391539
2021-01-04,31.32,31.605,29.83,30.33,29.5713,5181785
2021-01-05,30.28,31.66,30.2,31.48,30.6925,3570805
2021-01-06,31.96,34.28,31.83,33.46,32.623,6568304
2021-01-07,33.9,34.73,33.36,33.67,32.8277,4387027
2021-01-08,33.68,34.75,32.75,34.24,33.3834,4054961
2021-01-11,33.63,35.56,33.42,34.77,33.9002,4040504
2021-01-12,34.86,37.37,34.77,37.25,36.3181,8158554
2021-01-13,36.5,37.94,36.04,37.58,36.6399,6975667
2021-01-14,35.52,38.2181,35.43,38.02,37.0689,11884980
2021-01-15,37.74,37.93,35.83,36.24,35.3334,6656211
2021-01-19,36.73,37.31,35.38,36.24,35.3334,3542509
2021-01-20,36.7,37.565,35.855,35.88,34.9824,3058838
2021-01-21,36.07,36.65,35.8127,36.24,35.3334,2025543
2021-01-22,35.75,37.38,35.4,37.37,36.4351,2577291
2021-01-25,37.81,42.14,37.13,37.99,37.0396,8080107
2021-01-26,38.6,39.74,37.78,39.49,38.5021,4201880
2021-01-27,40.15,42.22,39.02,39.25,38.2681,9076904
2021-01-28,39.4,39.7,35.71,36.4,35.4894,7178878
2021-01-29,37.43,38.2,34.9,35.45,34.5632,6515892
2021-02-01,35.58,36.2999,34.91,35.82,34.9239,4175730
2021-02-02,36.18,36.38,34.47,34.54,33.6759,4208241
2021-02-03,35.02,36.6,34.91,36.5,35.5869,5208660
2021-02-04,36.83,38.2,33.64,34,33.1494,10387450
2021-02-05,34.58,34.68,33.08,34.06,33.2079,6463025
2021-02-08,34.23,35.195,34.11,34.78,33.9099,2974970
2021-02-09,34.76,35.02,33.62,34.03,33.1787,2539322
2021-02-10,35.46,35.74,34.29,34.98,34.1049,2758939
2021-02-11,34.8,35.88,34.41,34.52,33.6564,2279912
2021-02-12,34.79,35.1694,34.3105,34.85,33.9782,1729153
2021-02-16,35.5,36.2499,34.8653,36.08,35.1774,3453170
2021-02-17,35.8,36.6825,35.32,36.05,35.1482,2438167
2021-02-18,35.67,36.33,35.07,36.02,35.1189,2638290
2021-02-19,36.05,37.27,35.88,37.04,36.1134,2301040
2021-02-22,37.5,38.94,37.25,37.43,36.4936,4347893
2021-02-23,37.66,37.91,34.7,37.56,36.6204,2509136
2021-02-24,37.82,38.34,36.86,37.39,36.4546,1859342
2021-02-25,37.73,38.88,36.34,36.97,36.0451,3594383
2021-02-26,36.36,37.42,35.55,36.45,35.5382,2712260
2021-03-01,37.03,38.66,36.85,37.97,37.0201,2966367
2021-03-02,38,38.695,37.15,37.58,36.6399,4123102
2021-03-03,36.65,37.5,34.71,36.27,35.3627,7348419
2021-03-04,36,36.75,34.4262,35.52,34.6314,3726195
2021-03-05,36.33,36.69,33.36,35.07,34.1927,4395586
2021-03-08,35.35,37.8799,35.14,37.34,36.4059,5188619
2021-03-09,37.7,38.115,36.7,37.62,36.6789,3533232
2021-03-10,36.87,38,36.5,37.71,36.7666,2408524
2021-03-11,37.69,38.17,36.92,37.4,36.4644,2682182
2021-03-12,38,41.68,37.99,41.37,40.3351,7393825
2021-03-15,40.97,46.45,40.93,45.79,44.6445,10441750
2021-03-16,44.83,45.55,44.15,44.86,43.7378,4773072
2021-03-17,44.69,45.64,43.68,43.94,42.8408,2878006
2021-03-18,43.92,44.69,42.27,42.59,41.5246,2380831
2021-03-19,42.18,42.89,41.36,42.49,41.4271,2955240
2021-03-22,42.12,42.1899,39.66,40.04,39.0383,3585272
2021-03-23,39.36,39.87,36.17,36.94,36.0159,5412217
2021-03-24,37.45,38.28,35.09,35.17,34.2902,4696946
2021-03-25,34.17,37.86,33.71,37.44,36.5034,4269518
2021-03-26,38.32,39.15,37.47,38.72,37.7514,2824959
2021-03-29,38.41,38.94,36.93,37.33,36.3961,1950038
2021-03-30,37.64,38.63,36.73,38.16,37.2054,2595705
2021-03-31,38,39.22,37.87,37.87,36.9226,2572870
2021-04-01,38.01,38.135,36.515,36.76,35.8404,3757040
2021-04-05,37.53,37.62,35.95,36.83,35.9087,2596007
2021-04-06,36.53,38.05,36.51,37.23,36.2986,2866961
2021-04-07,37.36,37.76,36.28,36.73,35.8112,1643715
2021-04-08,36.18,37.28,35.52,36.98,36.0549,2359451
2021-04-09,37.08,38.168,36.2,37.67,36.7276,3408480
2021-04-12,37.61,38.359,37.01,37.58,36.6399,2032661
2021-04-13,37.48,37.65,35.36,36.4,35.4894,3953483
2021-04-14,36.6,37.64,36.37,37.13,36.2011,3248186
2021-04-15,37.32,37.45,35.34,35.94,35.0409,3400982
2021-04-16,36.16,36.36,35.13,35.83,34.9337,4052705
2021-04-19,36.04,36.175,35.145,35.55,34.6607,1650223
2021-04-20,35.03,35.22,33.86,34.81,33.9392,3417137
2021-04-21,34.81,37.13,34.29,36.86,35.9379,3672743
2021-04-22,36.99,37.75,36.54,36.81,35.8892,2665296
2021-04-23,37.07,37.71,36.32,37.6,36.6594,1756122
2021-04-26,37.83,38.28,36.25,36.53,35.6162,2476129
2021-04-27,36.31,37.84,36.31,37.51,36.5716,4181792
2021-04-28,37.6,38.79,37.4,38.19,37.2346,1800855
2021-04-29,38.4,38.6118,37.1599,37.65,36.7081,1803569
2021-04-30,37.47,37.85,36.645,36.68,35.7624,1940606
2021-05-03,36.88,39.11,36.87,38.88,37.9074,2856514
2021-05-04,38.48,38.74,37.16,38.2,37.2444,2679318
2021-05-05,38.65,41.67,37.8,38.65,37.6831,5969052
2021-05-06,38.71,39.3899,37.78,38.42,37.4589,2114100
2021-05-07,38.45,39.98,38.27,39.84,38.8434,2198385
2021-05-10,40,40.88,39.18,39.34,38.3559,3828763
2021-05-11,38.12,38.76,36.99,37.99,37.0396,3087363
2021-05-12,37.73,38.525,35.95,36.04,35.1384,2489277
2021-05-13,36.26,38.23,35.82,36.81,35.8892,2577220
2021-05-14,37.55,41,37.35,40.95,39.9256,4216372
2021-05-17,40.7,43.25,40.7,43.11,42.0315,3415708
2021-05-18,43.5,43.8,41.59,41.98,40.9298,2342637
2021-05-19,41.22,41.79,39.98,40.66,39.6428,2703734
2021-05-20,40.44,40.46,37.6,38.11,37.1566,4120168
2021-05-21,38.37,38.685,37.79,37.81,36.8641,1597410
2021-05-24,38.18,38.43,37.1301,37.55,36.6106,2675886
2021-05-25,37.37,38.06,36.33,36.48,35.5674,4959477
2021-05-26,33.9,34.98,32.5523,34.37,33.5102,21636250
2021-05-27,34.55,34.94,33.74,34.3,33.4419,5323174
2021-05-28,34.14,34.55,33.321,33.54,32.701,6103848
2021-06-01,34.03,35.2374,33.89,34.23,33.3737,4668585
2021-06-02,34.1,35.88,33.49,35.56,34.6704,4614359
2021-06-03,35.34,35.42,34.43,34.47,33.6077,3181888
2021-06-04,34.71,34.74,33.33,33.91,33.0617,3223901
2021-06-07,34.05,34.58,33.82,34.51,33.6467,2591253
2021-06-08,34.53,35.13,33.94,34.85,33.9782,2073420
2021-06-09,34.91,35.93,34.5973,35.01,34.1342,2335505
2021-06-10,35.21,35.86,34.28,34.33,33.4712,1947740
2021-06-11,34.53,35.37,34.33,35.27,34.3877,1679912
2021-06-14,35.3,35.4742,34.05,34.26,33.4029,2126674
2021-06-15,34.22,34.57,33.22,33.49,32.6522,2363751
2021-06-16,33.26,34.7,32.72,34.29,33.4322,2914261
2021-06-17,34.39,34.54,32.94,33.42,32.584,3049173
2021-06-18,32.93,33.23,31.83,31.9,31.102,4879347
2021-06-21,32.4,32.99,31.83,32.91,32.0867,3485485
2021-06-22,32.78,34.605,32.77,34.46,33.5979,4870349
2021-06-23,34.45,35.35,33.9539,35.16,34.2804,3316872
2021-06-24,35.47,36.13,34.88,36.07,35.1677,2247674
2021-06-25,36.5,37.05,36.07,36.42,35.5089,5379823
2021-06-28,36.36,36.55,35.57,35.84,34.9434,2325846
2021-06-29,36.1,36.67,35.67,36.45,35.5382,2869913
2021-06-30,36.54,36.83,36.15,36.57,35.6552,1936896
2021-07-01,36.87,37.41,36.295,36.5,35.5869,2686348
2021-07-02,36.47,37.14,35.87,36.89,35.9672,1710851
2021-07-06,36.66,36.905,35.82,36.25,35.3432,2103168
2021-07-07,36.125,36.33,34.49,34.8,33.9294,2235013
2021-07-08,33.76,34.3,32.98,33.76,32.9155,2954516
2021-07-09,34.21,36.043,34.21,36,35.0994,2864127
2021-07-12,35.39,36.5898,35.09,36.3,35.3919,2051231
2021-07-13,36.03,36.37,34.75,34.85,33.9782,2253177
2021-07-14,35.05,35.85,33.98,34.03,33.1787,2331621
2021-07-15,33.77,34.0899,32.8501,33.27,32.4377,2517173
2021-07-16,33.92,34,32.23,32.7,31.882,2754026
2021-07-19,31.4,32.19,30.75,31.58,30.79,3572678
2021-07-20,31.77,33.265,31.42,33.07,32.2427,2522245
2021-07-21,33.57,34.82,33.4,33.54,32.701,2870508
2021-07-22,33.32,33.485,31.9,32,31.1995,2958993
2021-07-23,32.16,32.31,30.79,31.08,30.3025,4032801
2021-07-26,31.08,32.53,31.08,32.38,31.57,3330492
2021-07-27,32.08,32.42,31.111,31.79,30.9947,1761022
2021-07-28,32,32.67,31.46,32.25,31.4432,1814265
2021-07-29,32.49,33.6499,32.29,32.51,31.6967,2326789
2021-07-30,32.38,34.0849,32.13,33.1,32.272,4629166
2021-08-02,33.32,34.48,32.98,34.3,33.4419,4363220
2021-08-03,34.3,34.86,32.78,34.63,33.7637,3334623
2021-08-04,34.28,35.43,33.36,33.57,32.7302,2307016
2021-08-05,33.83,35.065,33.83,34.97,34.0952,2081207
2021-08-06,35.65,36.63,35.38,36,35.0994,1915215
2021-08-09,35.9,36.24,35.16,35.97,35.0702,1981273
2021-08-10,35.95,37.31,35.79,36.97,36.0451,3733053
2021-08-11,37.13,37.7,36.56,37.58,36.6399,1689664
2021-08-12,38.32,38.48,35.91,36.8,35.8794,3468755
2021-08-13,36.52,36.665,35.64,35.83,34.9337,2164104
2021-08-16,35.52,36.26,34.79,35.15,34.2707,2816712
2021-08-17,34.54,34.54,32.7,33.39,32.5547,3519677
2021-08-18,33.07,34.05,32.59,32.62,31.804,3606478
2021-08-19,32.1,34.63,31.85,33.94,33.0909,6326339
2021-08-20,34,35.33,33.89,35.11,34.2317,4620025
2021-08-23,35.83,37.25,35.79,36.67,35.7527,5446027
2021-08-24,36.81,38.14,36.51,37.81,36.8641,8432402
2021-08-25,33.1,33.58,30.84,31.14,30.361,37472359
2021-08-26,30.21,30.49,28.41,28.51,27.7968,18347949
2021-08-27,28.41,29.7842,28.3928,29.22,28.489,9735761
2021-08-30,28.91,29.44,27.94,28.03,27.3288,9189976
2021-08-31,28.11,28.72,27.9,28.61,27.8943,6013238
2021-09-01,28.78,29.11,28.4,28.41,27.6993,5209941
2021-09-02,28.04,28.51,27.81,28.39,27.6798,4620055
2021-09-03,28.39,28.45,26.98,27.08,26.4026,6765121
2021-09-07,27.24,28.059,27.17,27.93,27.2313,5280162
2021-09-08,28,28.1099,26.9565,27.18,26.5001,7427021
2021-09-09,27.06,27.69,26.68,27.14,26.4611,5144642
2021-09-10,27.28,27.5,26.42,26.52,25.8566,4110464
2021-09-13,26.5,27.21,26.12,27.02,26.3441,4112108
2021-09-14,26.94,27.29,26.35,26.59,25.9248,4146316
2021-09-15,26.66,27.17,26.38,27,26.3246,3559282
2021-09-16,27.19,28.43,27.14,27.93,27.2313,4977062
2021-09-17,28.11,28.35,27.41,28.12,27.4165,5152955
2021-09-20,27.3,27.79,27.0722,27.78,27.085,3577071
2021-09-21,28.01,28.25,27.4,27.71,27.0168,2432090
2021-09-22,28,28.83,27.86,28.49,27.7773,2605112
2021-09-23,28.85,29.9999,28.78,29.46,28.723,5273877
2021-09-24,29.13,29.78,28.83,29.41,28.6743,2954959
2021-09-27,29.64,30.52,29.56,29.82,29.074,3057973
2021-09-28,29.73,30.24,29.185,29.46,28.723,2816580
2021-09-29,29.71,30.13,28.99,29.06,28.333,3074503
2021-09-30,27.9,28,26.065,26.45,25.7883,9476012
2021-10-01,26.58,27.14,26.0301,26.87,26.1978,5602926
2021-10-04,26.72,27.44,26.44,26.83,26.1588,3632914
2021-10-05,26.9,27.35,26.47,26.79,26.1198,3296464
2021-10-06,26.3,27.03,25.92,26.26,25.6031,4911329
2021-10-07,26.6,27.24,26.46,26.84,26.1686,3789546
2021-10-08,26.88,27.23,26.53,26.71,26.0418,2187245
2021-10-11,26.9,27.17,26.18,26.19,25.5348,3211089
2021-10-12,26.34,26.92,25.95,26.72,26.0516,4216874
2021-10-13,26.92,27.3,26.47,27.18,26.5001,3369226
2021-10-14,27.52,27.79,27.23,27.34,26.6561,2720915
2021-10-15,27.84,28.46,27.7001,28.08,27.3775,3065220
2021-10-18,27.91,29.785,27.83,29.62,28.879,6242462
2021-10-19,29.82,29.88,28.48,28.6,27.8845,4469605
2021-10-20,28.4,29.3,28.22,28.76,28.0405,2460679
2021-10-21,28.91,29.51,28.71,29.28,28.5475,2801739
2021-10-22,29.2,29.63,28.88,29.42,28.684,3449754
2021-10-25,29.54,29.79,29.15,29.49,28.7523,2094474
2021-10-26,29.57,29.77,28.44,28.77,28.0503,3499222
2021-10-27,28.86,28.99,28.275,28.5,27.787,2836422
2021-10-28,28.65,29.2273,28.48,28.51,27.7968,2334790
2021-10-29,28.28,29.235,28.1,28.73,28.0113,4434406
2021-11-01,29.01,30.02,28.921,29.73,28.9863,3950233
2021-11-02,29.93,30.9,29.47,30.71,29.9418,5432223
2021-11-03,30.85,32.78,30.82,32.14,31.336,6833942
2021-11-04,32.2,32.53,31.375,32.03,31.2287,3025721
2021-11-05,32.75,33.48,32.02,32.77,31.9502,3379232
2021-11-08,32.81,33.42,32.5991,33.31,32.4767,2542587
2021-11-09,33.47,34.52,33.33,34.43,33.5687,3671851
2021-11-10,34.23,34.9,33.57,33.72,32.8765,3129603
2021-11-11,34.29,35.3,34.1,34.38,33.5199,5800574
2021-11-12,34.4,34.69,33.32,33.59,32.7497,4416266
2021-11-15,33.7,34.22,33.175,33.22,32.389,2553368
2021-11-16,33.32,33.61,32.6272,33.49,32.6522,3413403
2021-11-17,33.65,33.93,32.52,33.19,32.3597,3875308
2021-11-18,35.59,36.43,33.87,34.99,34.1147,9808861
2021-11-19,34.38,34.65,32.58,32.74,31.921,4344808
2021-11-22,32.96,33.55,31.8,32.32,31.5115,4660125
2021-11-23,31.82,32.38,30.79,31.93,31.1312,10032840
2021-11-24,24.045,25.24,22.3501,22.66,22.0931,46350848
2021-11-26,21.83,22.63,20.9,22.41,21.8494,12772330
2021-11-29,22.69,22.91,21.83,22.53,21.9664,10953930
2021-11-30,22.58,22.74,20.73,21.17,20.6404,10115580
2021-12-01,21.52,22.15,20.02,20.03,19.5289,9400612
2021-12-02,20.12,20.7,19.67,20.56,20.0457,8002203
2021-12-03,20.53,20.69,19.71,20.19,19.6849,6363619
2021-12-06,20.33,21.11,20.03,20.57,20.0554,6252086
2021-12-07,20.88,21.89,20.78,21.44,20.9037,7970406
2021-12-08,21.65,21.86,20.9699,21.4,20.8647,5663414
2021-12-09,21.35,21.61,21.04,21.05,20.5234,3775714
2021-12-10,21.09,21.405,20.605,20.86,20.3382,4625501
2021-12-13,20.78,20.96,18.945,19.6,19.1097,8691623
2021-12-14,19.55,20.3001,19.3,20.24,19.7337,5500838
2021-12-15,20.11,20.56,19.5867,20.43,19.9189,4951538
2021-12-16,20.7,20.83,19.94,20.05,19.5484,4307410
2021-12-17,19.83,20.36,19.44,20.21,19.7044,5506678
2021-12-20,19.76,20.49,19.21,20.1,19.5972,9282233
2021-12-21,20.32,20.91,20.28,20.71,20.1919,4888686
2021-12-22,20.73,21.395,20.551,21.24,20.7087,4199999
2021-12-23,21.5,22.005,21.35,21.71,21.1669,4850369
2021-12-27,21.78,22.68,21.62,22.15,21.5959,4168669
2021-12-28,22.1,22.76,22.07,22.22,21.6641,3620353
2021-12-29,22.42,22.88,22.2,22.59,22.0249,3438927
2021-12-30,22.46,23.51,22.425,22.95,22.3759,4525619
2021-12-31,22.82,23.23,22.44,22.62,22.0541,3801731
2022-01-03,23.19,24.37,23.02,23.98,23.3801,5782604
2022-01-04,23.71,24.5361,23.7,24.22,23.6141,6141444
2022-01-05,24.22,24.48,22.86,22.87,22.2979,4905770
2022-01-06,23.17,23.685,22.24,23.47,22.8829,4171306
2022-01-07,23.12,23.56,22.94,23.2,22.6196,2745462
2022-01-10,23.17,23.17,21.83,22.87,22.2979,3833035
2022-01-11,22.98,23.725,22.79,23.66,23.0681,3710833
2022-01-12,23.89,24.11,22.86,23.22,22.6391,5459224
2022-01-13,23.49,24.2,23.34,23.45,22.8634,5200811
2022-01-14,23.13,23.18,21.64,22.26,21.7031,7108772
2022-01-18,21.86,22.465,21.51,22.03,21.4789,5410526
2022-01-19,22.13,22.69,21.77,21.82,21.2741,4127390
2022-01-20,21.92,22.625,20.815,20.9,20.3772,6163699
2022-01-21,20.64,20.78,19.64,20,19.4997,7042901
2022-01-24,20.87,22.61,20.1301,22.59,22.0249,11180980
2022-01-25,21.91,22.9,21.83,22.55,21.9859,5756239
2022-01-26,22.91,23.18,21.76,22,21.4496,6240080
2022-01-27,22.35,22.8695,21.695,21.92,21.3716,4698911
2022-01-28,21.78,22.09,20.46,21.85,21.3034,6047812
2022-01-31,21.72,22.5,21.56,22.5,21.9371,4175190
2022-02-01,22.54,23.435,22.28,23.06,22.4831,4693583
2022-02-02,23.19,23.27,21.86,22.09,21.5374,3974555
2022-02-03,21.77,22.41,21.455,21.5,20.9622,3587460
2022-02-04,21.5,22.17,21.2,22,21.4496,4420019
2022-02-07,22.22,22.67,21.9,22.17,21.6154,3534287
2022-02-08,22.34,23.445,22.26,23.02,22.4441,3689800
2022-02-09,23.12,23.73,23.12,23.68,23.0876,2980720
2022-02-10,23.42,24.185,23.015,23.21,22.6294,3279657
2022-02-11,22.78,22.99,21.65,21.72,21.1766,6597174
2022-02-14,21.65,21.97,21.21,21.51,20.9719,5400052
2022-02-15,22,22.67,21.94,22.64,22.0736,4980986
2022-02-16,21.97,22.9,21.97,22.65,22.0834,5075908
2022-02-17,22.35,22.8201,21.19,21.35,20.8159,4164352
2022-02-18,21.18,22.055,21.085,21.61,21.0694,5098869
2022-02-22,21.83,22.18,20.2,20.25,19.7434,5914831
2022-02-23,20.37,20.5,19.39,19.56,19.0707,7788432
2022-02-24,18.77,20.53,18.65,20.46,19.9482,6051039
2022-02-25,20.5,20.895,20.16,20.88,20.3577,3904825
2022-02-28,20.68,20.8446,19.88,20.74,20.2212,9618144
2022-03-01,20.66,21.13,19.36,19.54,19.0512,14621690
2022-03-02,24.947,27.5,24.5,26.93,26.2563,68541102
2022-03-03,27.05,27.05,25.445,25.68,25.0376,17015930
2022-03-04,25.58,26,23.77,24.26,23.6531,12006290
2022-03-07,24.31,24.87,23.13,23.43,22.8439,9193097
2022-03-08,23.66,25.55,23.125,24.36,23.7506,10678640
2022-03-09,25,25.46,23.98,24.02,23.4191,6306123
2022-03-10,23.99,24.53,23.2899,23.96,23.3606,5205560
2022-03-11,24.03,24.2,22.84,22.99,22.4149,5212390
2022-03-14,23.01,24.26,22.84,24.23,23.6239,6111405
2022-03-15,24.12,24.8801,23.98,24.71,24.0918,4978580
2022-03-16,24.89,26.23,24.52,25.53,24.8913,5936925
2022-03-17,25.97,26.28,25.17,26.11,25.4568,4547411
2022-03-18,25.8,26.96,25.7,26.87,26.1978,5736436
2022-03-21,26.99,27.15,26.27,26.42,25.7591,4823324
2022-03-22,26.62,27.61,26.58,27.18,26.5001,4726446
2022-03-23,26.95,27.18,25.945,26.19,25.5348,4651710
2022-03-24,26.36,27.21,26.2,27,26.3246,4059115
2022-03-25,27.04,27.58,26.71,27.05,26.5602,3802808
2022-03-28,26.71,27.315,26.34,27.26,26.7664,2924909
2022-03-29,27.65,28.55,27.35,28.33,27.817,3579608
2022-03-30,28.06,28.78,27,27.11,26.6191,6573141
2022-03-31,26.7,27.3148,26.4696,27.11,26.6191,3864492
2022-04-01,27.36,27.75,26.93,27.55,27.0512,5967287
2022-04-04,27.77,28.98,27.61,28.33,27.817,6183440
2022-04-05,28.5,29.34,28.24,28.66,28.1411,5651913
2022-04-06,28.07,28.345,27.545,28.24,27.7287,5254395
2022-04-07,28.3,28.34,27.02,27.74,27.2377,4263429
2022-04-08,27.72,27.99,26.88,27.55,27.0512,3665403
2022-04-11,27.42,29.175,27.42,27.84,27.3359,4826989
2022-04-12,28.4,29.38,28.165,28.38,27.8661,4023672
2022-04-13,28.25,29.4,28.19,29.12,28.5927,3243711
2022-04-14,29.19,29.59,28.755,28.85,28.3276,2851961
2022-04-18,28.79,29.085,28.485,28.57,28.0527,2344903
2022-04-19,28.7,29.43,28.63,28.81,28.2883,3455132
2022-04-20,29.1,29.53,28.365,28.75,28.2294,3119379
2022-04-21,29.41,29.49,27.665,27.81,27.3065,3792636
2022-04-22,26.9,27.54,26.13,26.35,25.8729,4531991
2022-04-25,26.15,26.96,25.12,26.96,26.4718,4602941
2022-04-26,26.69,26.84,26.125,26.24,25.7649,3154393
2022-04-27,26.29,26.64,25.7,26.1,25.6274,2686070
2022-04-28,26.52,27.005,25.91,26.95,26.462,3733087
2022-04-29,26.59,26.86,25.64,25.7,25.2347,3385678
2022-05-02,25.91,26.92,25.55,26.8,26.3147,4069305
2022-05-03,26.72,27.12,26.33,26.67,26.1871,3104375
2022-05-04,26.88,27.67,26.185,27.63,27.1297,3467439
2022-05-05,27.12,27.23,25.38,25.74,25.2739,3776534
2022-05-06,25.47,25.47,23.97,24.18,23.7422,5215234
2022-05-09,23.53,23.85,22.99,23.32,22.8978,5028555
2022-05-10,23.66,23.8,22.52,23.17,22.7505,5923209
2022-05-11,23.02,23.15,21.525,21.73,21.3365,7924167
2022-05-12,21.87,23.82,21.66,22.93,22.5148,6585942
2022-05-13,23.5,24.81,23.5,23.99,23.5556,5355472
2022-05-16,23.89,24.72,23.5,24.39,23.9484,3896215
2022-05-17,24.62,24.89,23.98,24.82,24.3706,3299479
2022-05-18,23.24,23.4,22.145,22.5,22.0926,8343693
2022-05-19,22.1,23.325,22.03,22.63,22.2202,6433980
2022-05-20,22.83,22.83,20.365,21.18,20.7965,9863068
2022-05-23,21.178,21.93,20.67,21.45,21.0616,6874687
2022-05-24,20.6,20.945,19.73,20.68,20.3056,20777689
2022-05-25,20.8,23.695,20.39,23.58,23.153,29786730
2022-05-26,24.1,24.95,23.83,24.82,24.3706,9862381
2022-05-27,24.46,26.58,24.43,26.56,26.2803,9614384
2022-05-31,26.49,26.925,25.32,26.43,26.1516,7124215
2022-06-01,26.64,26.83,25.05,25.6,25.3304,6303238
2022-06-02,25.72,26.395,25.57,26,25.7262,3158898
2022-06-03,26.01,26.16,25.46,25.72,25.4491,3080476
2022-06-06,26.01,26.355,25.38,26.18,25.9043,3550608
2022-06-07,25.78,26.97,25.54,26.83,26.5474,4370387
2022-06-08,26.71,27.415,26.42,27.31,27.0224,3605113
2022-06-09,27.29,27.72,27.03,27.53,27.24,4182201
2022-06-10,26.96,27.4099,26.69,26.74,26.4584,4050552
2022-06-13,25.53,26.02,24.475,24.93,24.6674,5911756
2022-06-14,25,26.395,24.95,25.87,25.5975,4359052
2022-06-15,26.25,27.22,25.94,26.68,26.399,5082536
2022-06-16,25.72,25.8176,23.941,24.15,23.8956,4512290
2022-06-17,24.38,25.1,24.16,24.45,24.1925,5942216
2022-06-21,24.66,24.98,24,24.03,23.7769,3411054
2022-06-22,23.56,23.98,23.225,23.34,23.0942,4207546
2022-06-23,23.51,23.82,22.54,23.04,22.7973,4357472
2022-06-24,23.23,24.91,23.15,24.29,24.0342,5398084
2022-06-27,24.39,24.8,23.93,24.69,24.43,3522887
2022-06-28,24.72,25.13,23.25,23.27,23.0249,3537630
2022-06-29,23.04,23.2118,22,22.18,21.9464,4491201
2022-06-30,21.63,21.76,20.95,21.13,20.9075,4551535
2022-07-01,20.3,21.06,20.045,20.76,20.5414,5880234
2022-07-05,20.4,21.13,20.1,20.86,20.6403,4650911
2022-07-06,20.61,20.74,20.15,20.28,20.0664,4062304
2022-07-07,20.09,21.03,20.08,20.94,20.7195,4440991
2022-07-08,20.92,21.385,20.39,21.12,20.8976,3124743
2022-07-11,20.85,20.95,20.19,20.27,20.0565,4804926
2022-07-12,20.05,20.955,20.014,20.51,20.294,3033095
2022-07-13,20.14,20.68,19.73,20.55,20.3336,3747858
2022-07-14,20.1,20.25,19.48,19.85,19.6409,3656806
2022-07-15,20.02,20.44,19.865,20.01,19.7993,3727715
2022-07-18,20.5,21.64,20.44,21.02,20.7986,4973350
2022-07-19,21.51,21.91,21.401,21.9,21.6693,7597222
2022-07-20,21.96,23.12,21.59,23.09,22.8468,4492618
2022-07-21,23.51,24.6,23.265,24.48,24.2222,5510880
2022-07-22,24.85,25.31,23.45,23.54,23.2921,6416365
2022-07-25,23.71,23.96,22.8,23.51,23.2624,5533637
2022-07-26,22.24,22.63,21.58,22.15,21.9167,5868627
2022-07-27,22.52,22.64,21.77,22.45,22.2136,4366686
2022-07-28,22.46,22.98,22.1,22.71,22.4708,3849648
2022-07-29,23.06,23.67,22.79,23.51,23.2624,3493687
2022-08-01,23.33,24.01,22.78,23.74,23.49,3466990
2022-08-02,23.51,23.935,23.18,23.66,23.4108,3126452
2022-08-03,24.7,25.28,24.34,25,24.7367,5143059
2022-08-04,24.92,25.06,23.63,23.64,23.391,4981899
2022-08-05,23.42,24.06,23.24,23.51,23.2624,4369365
2022-08-08,23.69,24.67,23.69,23.8,23.5493,5749970
2022-08-09,23.61,23.63,21.72,21.89,21.6595,6657643
2022-08-10,22.45,23.765,22.45,23.08,22.8369,6774760
2022-08-11,23.81,24.49,23.64,24.24,23.9847,6409454
2022-08-12,24.5,24.56,23.85,24.37,24.1133,4901811
2022-08-15,24.13,25.03,23.87,24.92,24.6575,4561959
2022-08-16,25.16,27.425,25.09,26.82,26.5375,8667940
2022-08-17,26.14,26.59,25.39,25.77,25.4986,4578589
2022-08-18,24.98,25.37,24.19,24.54,24.2815,5513572
2022-08-19,24.17,24.57,23.61,24.18,23.9253,4478931
2022-08-22,23.58,23.97,22.9,22.97,22.7281,5020461
2022-08-23,23.26,24.31,23.1,23.2,22.9557,13664640
2022-08-24,19.3,19.85,18.54,18.57,18.3744,43603281
2022-08-25,18.62,19.29,18.25,18.42,18.226,16861279
2022-08-26,18.44,18.74,18,18.04,17.85,11997200
2022-08-29,17.77,18.15,17.46,17.72,17.72,7978400
2022-08-30,17.99,18.1,17.57,17.76,17.76,7846200
2022-08-31,17.82,17.89,17.04,17.11,17.11,8341200
2022-09-01,16.88,17.73,16.83,17.49,17.49,9940600
2022-09-02,17.77,18.35,17.52,17.68,17.68,10055400
2022-09-06,17.69,18.33,17.5,18.05,18.05,9619500
2022-09-07,17.89,18.94,17.87,18.85,18.85,7867800
2022-09-08,18.48,19.63,18.33,19.6,19.6,11890600
2022-09-09,19.71,20.13,19.25,19.4,19.4,14041900
2022-09-12,19.65,20.28,19.35,19.79,19.79,8093100
2022-09-13,19,19.1,18.2,18.39,18.39,7322000
2022-09-14,18.46,18.55,17.75,17.98,17.98,4815100
2022-09-15,18.38,18.99,18.01,18.37,18.37,9372700
2022-09-16,18.25,19.07,18.24,18.9,18.9,10161000
2022-09-19,18.69,19.65,18.6,19.64,19.64,6382100
2022-09-20,19.58,19.83,19.09,19.25,19.25,8330100
2022-09-21,19.32,20.02,19.29,19.33,19.33,5803800
2022-09-22,19.47,19.56,18.35,18.37,18.37,4281400
2022-09-23,18.03,18.48,17.42,17.96,17.96,6234300
2022-09-26,17.82,18.52,17.58,17.6,17.6,4503200
2022-09-27,17.85,18.05,17.48,17.74,17.74,3727900
2022-09-28,17.65,18.37,17.65,18.02,18.02,5099600
2022-09-29,17.58,17.63,16.69,16.93,16.93,5950800
2022-09-30,16.49,17.26,16.14,16.73,16.73,6904700
2022-10-03,16.99,17.5,16.73,17.34,17.34,4671600
2022-10-04,17.98,18.74,17.82,18.7,18.7,4985500
2022-10-05,18.33,19.49,18.18,19.35,19.35,5759200
2022-10-06,19.27,19.86,18.9,19.24,19.24,9694500
2022-10-07,18.93,19.42,18.71,19.34,19.34,5057800
2022-10-10,19.52,19.67,17.98,18.44,18.44,4180100
2022-10-11,18.41,19.27,18.06,18.68,18.68,3847800
2022-10-12,18.64,18.85,18.4,18.55,18.55,3440800
2022-10-13,18.17,18.89,17.59,18.74,18.74,4024400
2022-10-14,18.88,19.08,18.03,18.12,18.12,4493200
2022-10-17,18.61,19.34,18.61,19.23,19.23,4047900
2022-10-18,19.96,20.39,19.45,19.98,19.98,7454400
2022-10-19,19.83,20.09,19.1,19.72,19.72,5080000
2022-10-20,19.74,20.19,19.27,19.41,19.41,3761400
2022-10-21,19.41,20.17,19.4,20.11,20.11,3529700
2022-10-24,20.14,20.33,19.81,20.07,20.07,3385200
2022-10-25,20.05,21.15,19.87,20.9,20.9,3721500
2022-10-26,20.89,21.35,20.63,20.84,20.84,3613600
2022-10-27,21.1,21.45,20.57,20.62,20.62,3301000
2022-10-28,20.54,20.93,19.99,20.52,20.52,4746000
2022-10-31,20.44,20.66,20.22,20.34,20.34,3145600
2022-11-01,20.81,20.99,19.52,19.81,19.81,4019100
2022-11-02,19.74,19.89,18.82,18.82,18.82,3987000
2022-11-03,18.64,19.47,18.4,19.1,19.1,3812300
2022-11-04,19.55,19.72,18.74,19.12,19.12,3583200
2022-11-07,19.14,19.56,18.71,19.5,19.5,2545900
2022-11-08,20.25,20.53,19.69,20.23,20.23,4927200
2022-11-09,19.97,20.13,19.02,19.05,19.05,3409700
2022-11-10,20.05,20.81,20.01,20.63,20.63,4944400
2022-11-11,20.8,21.91,20.68,21.59,21.59,3672200
2022-11-14,21.37,21.92,21.15,21.17,21.17,3411700
2022-11-15,21.76,22.2,21.49,21.67,21.67,2815100
